# Polar angle	Differential absorption probability
0	0.180602596772776
0.0157868977567326	0.180141645765499
0.0315737955134653	0.178769883466242
0.0473606932701979	0.176520045583674
0.0631475910269305	0.173444940548974
0.0789344887836631	0.169614949597262
0.0947213865403958	0.165114769123049
0.110508284297128	0.160039612612243
0.126295182053861	0.154491118686449
0.142082079810594	0.14857322091496
0.157868977567326	0.142388223999656
0.173655875324059	0.136033301532436
0.189442773080792	0.12959758620743
0.205229670837524	0.123159968810017
0.221016568594257	0.11678766287716
0.236803466350989	0.110535533138508
0.252590364107722	0.104446132787471
0.268377261864455	0.098550351462088
0.284164159621187	0.0928685454215073
0.29995105737792	0.0874120051817443
0.315737955134653	0.0821846136998239
0.331524852891385	0.0771845585596212
0.347311750648118	0.0724059819011263
0.36309864840485	0.0678404787098306
0.378885546161583	0.0634783839177009
0.394672443918316	0.0593098180787079
0.410459341675048	0.0553254872102615
0.426246239431781	0.0515172525860526
0.442033137188514	0.0478784996467096
0.457820034945246	0.0444043415860705
0.473606932701979	0.0410916933031751
0.489393830458711	0.0379392467194093
0.505180728215444	0.0349473708160108
0.520967625972177	0.032117951148746
0.536754523728909	0.0294541758807862
0.552541421485642	0.0269602699719124
0.568328319242375	0.024641176929157
0.584115216999107	0.0225021886720677
0.59990211475584	0.0205485281849437
0.615689012512572	0.0187848957990898
0.631475910269305	0.0172149969186074
0.647262808026038	0.0158410754035968
0.66304970578277	0.0146634813853524
0.678836603539503	0.0136803040317617
0.694623501296236	0.0128870981618724
0.710410399052968	0.0122767285824755
0.726197296809701	0.0118393480390152
0.741984194566434	0.0115625146104491
0.757771092323166	0.0114314433916413
0.773557990079899	0.0114293766739741
0.789344887836631	0.0115380477708137
0.805131785593364	0.0117382071311494
0.820918683350097	0.0120101760852558
0.836705581106829	0.0123343936934003
0.852492478863562	0.0126919255145284
0.868279376620295	0.0130649090869797
0.884066274377027	0.0134369186452259
0.89985317213376	0.0137932400621699
0.915640069890493	0.0141210551767015
0.931426967647225	0.0144095416431686
0.947213865403958	0.0146498995665152
0.96300076316069	0.0148353191176058
0.978787660917423	0.0149609040420314
0.994574558674156	0.0150235647698814
1.01036145643089	0.0150218922248247
1.02614835418762	0.014956020075572
1.04193525194435	0.0148274797539866
1.05772214970109	0.0146390496839115
1.07350904745782	0.0143945982590793
1.08929594521455	0.0140989193931395
1.10508284297128	0.013757559920041
1.12086974072802	0.0133766395159498
1.13665663848475	0.0129626657541797
1.15244353624148	0.0125223489218758
1.16823043399821	0.0120624228573185
1.18401733175495	0.0115894789328401
1.19980422951168	0.011109820183427
1.21559112726841	0.0106293414230522
1.23137802502514	0.0101534391452674
1.24716492278188	0.00968695237611656
1.26295182053861	0.00923413284451954
1.27873871829534	0.00879864029928732
1.29452561605208	0.00838355693157581
1.31031251380881	0.00799141394561857
1.32609941156554	0.0076242234895246
1.34188630932227	0.00728351036248896
1.35767320707901	0.00697033993411959
1.37346010483574	0.00668534118992683
1.38924700259247	0.00642872632220489
1.4050339003492	0.00620031038013404
1.42082079810594	0.00599953580621559
1.43660769586267	0.00582550697525952
1.4523945936194	0.00567703904269612
1.46818149137613	0.00555272360853622
1.48396838913287	0.00545101118553435
1.4997552868896	0.00537030762217503
1.51554218464633	0.00530907893097899
1.53132908240306	0.00526595685632207
1.5471159801598	0.00523983634618388
1.56290287791653	0.00522995608984198
1.57868977567326	0.0052359544910326
1.59447667343	0.00525789571924906
1.61026357118673	0.00529626351053466
1.62605046894346	0.00535192374460522
1.64183736670019	0.00542606002616293
1.65762426445693	0.00552008908582352
1.67341116221366	0.00563556442496965
1.68919805997039	0.00577407704481275
1.70498495772712	0.00593716129331428
1.72077185548386	0.00612621199395645
1.73655875324059	0.00634241641133401
1.75234565099732	0.00658670169676752
1.76813254875405	0.0068596957229002
1.78391944651079	0.00716169710704823
1.79970634426752	0.00749264908206601
1.81549324202425	0.00785211188412303
1.83128013978099	0.00823922948276575
1.84706703753772	0.00865268858405427
1.86285393529445	0.00909067053760377
1.87864083305118	0.00955079961588177
1.89442773080792	0.010030093623375
1.91021462856465	0.0105249244990931
1.92600152632138	0.0110309971857079
1.94178842407811	0.0115433544152904
1.95757532183485	0.0120564132684416
1.97336221959158	0.0125640366568586
1.98914911734831	0.0130596396686881
2.00493601510504	0.0135363274985917
2.02072291286178	0.0139870589630976
2.03650981061851	0.0144048277998439
2.05229670837524	0.0147828533362571
2.06808360613197	0.0151147727538359
2.08387050388871	0.0153948289104157
2.09965740164544	0.0156180501522551
2.11544429940217	0.0157804212382828
2.1312311971589	0.0158790468306565
2.14701809491564	0.015912310430198
2.16280499267237	0.0158800317337851
2.1785918904291	0.0157836239589284
2.19437878818584	0.0156262497819601
2.21016568594257	0.0154129705152612
2.2259525836993	0.0151508786001587
2.24173948145603	0.0148491991849461
2.25752637921277	0.0145193433277436
2.2733132769695	0.0141748939860886
2.28910017472623	0.0138315070139172
2.30488707248296	0.0135067131677037
2.3206739702397	0.0132196135415051
2.33646086799643	0.0129904694272082
2.35224776575316	0.0128401974953558
2.36803466350989	0.0127897913102193
2.38382156126663	0.0128596992952869
2.39960845902336	0.0130691961489324
2.41539535678009	0.0134357883726373
2.43118225453682	0.0139746943650915
2.44696915229356	0.0146984352643735
2.46275605005029	0.0156165647062289
2.47854294780702	0.0167355547173211
2.49432984556376	0.0180588422846931
2.51011674332049	0.0195870281903828
2.52590364107722	0.021318207981676
2.54169053883395	0.0232484058178396
2.55747743659069	0.025372076400409
2.57326433434742	0.0276826387636323
2.58905123210415	0.030173008297394
2.60483812986088	0.0328360993326488
2.62062502761762	0.035665278772018
2.63641192537435	0.038654760088849
2.65219882313108	0.0417999349221153
2.66798572088781	0.0450976449714242
2.68377261864455	0.0485463988355695
2.69955951640128	0.0521465363127718
2.71534641415801	0.0559003366771988
2.73113331191474	0.0598120584940337
2.74692020967148	0.0638878882277004
2.76270710742821	0.0681357653066569
2.77849400518494	0.0725650447107131
2.79428090294168	0.0771859566980037
2.81006780069841	0.0820088286800236
2.82585469845514	0.0870430474053156
2.84164159621187	0.0922957604466818
2.85742849396861	0.097770343311913
2.87321539172534	0.103464690037319
2.88900228948207	0.109369417688916
2.9047891872388	0.115466104998381
2.92057608499554	0.121725708423086
2.93636298275227	0.128107311551662
2.952149880509	0.134557363053357
2.96793677826573	0.141009542551847
2.98372367602247	0.147385362650292
2.9995105737792	0.153595570253752
3.01529747153593	0.159542354359655
3.03108436929266	0.165122305052403
3.0468712670494	0.170230004991092
3.06265816480613	0.174762076149157
3.07844506256286	0.178621456756009
3.0942319603196	0.181721651361164
3.11001885807633	0.183990684438851
3.12580575583306	0.185374496972916
3.14159265358979	0.185839555991382
