# Energy	DeltaT=25	DeltaT=50	DeltaT=100	DeltaT=150	DeltaT=200	DeltaT=300	
0.001	0.0547879201021082	0.0262394061587932	0.0295147783214922	0.0619991653856442	0.088827151118038	0.0936111130677537
0.0035	-0.0687783666900176	-0.0687042607844958	-0.00170332174049657	0.0586992104436947	0.11392279508892	0.21326909065595
0.006	-0.0872219981569011	-0.0487031695982117	0.0603510141007123	0.145149035524551	0.223756625675092	0.363700522674127
0.0085	-0.0347786458496577	0.0359546423873991	0.16589157163847	0.268162933819786	0.362979716582963	0.507511428881775
0.011	0.052565128967098	0.135287773627891	0.265496469682975	0.374759166377321	0.476675998017708	0.607688516131038
0.0135	0.13104897904836	0.202712114332095	0.314831219839449	0.416940764107855	0.516750209029184	0.633565876318362
0.016	0.167298974551632	0.211993188988327	0.297267334379995	0.380431819395356	0.472185469666718	0.581503235885968
0.0185	0.152194175936307	0.169251598324506	0.23273056160073	0.295521699595169	0.377658328891389	0.477823869912335
0.021	0.0927489565748089	0.0933119282834477	0.147196925451626	0.194556289300085	0.267231774553076	0.351941557710488
0.0235	0.0174945461493679	0.0143833930407671	0.0681608349667354	0.103868149646718	0.167591500526399	0.236279711510876
0.026	-0.0476046808645394	-0.0431493606870923	0.0160052862366978	0.0423156200717075	0.0986480571286548	0.156210844538594
0.0285	-0.0910910286753004	-0.0705145849690463	-0.00257796306704652	0.0166283602020334	0.06709500802576	0.117380438101103
0.031	-0.104617070892826	-0.0611823148018225	0.0193945701511565	0.0338168229232559	0.0789164066181211	0.123146619015028
0.0335	-0.0910739590984755	-0.0208965068445222	0.0749766087140303	0.0863389901938512	0.126041534660151	0.164325425125821
0.036	-0.063276545479988	0.0340207814686396	0.144325018475875	0.15353023374035	0.188178035706446	0.220890790326829
0.0385	-0.0319362846162509	0.0895924731908143	0.210410286586383	0.218012055902395	0.248572791343746	0.276350555929197
0.041	0.00457713499326499	0.146286027939018	0.273252395403968	0.279567135436059	0.306928730035112	0.33045422160429
0.0435	0.0452657718216059	0.202308245838058	0.331357821817652	0.336427750338477	0.361142301482932	0.381152944096954
0.046	0.0861575681797844	0.253776771148166	0.381718162263567	0.385376142657288	0.407713612388984	0.424968196698225
0.0485	0.129035392377744	0.303964788723258	0.429648528210737	0.432079941726598	0.452295373339706	0.467383094726543
0.051	0.180457802134783	0.362170395365257	0.487153963169806	0.489041686660229	0.507351155657502	0.520610596142795
0.0535	0.25159526390152	0.441853295403702	0.569352950601846	0.571718367389664	0.588295171681654	0.599866109992962
0.056	0.349064810715012	0.551035342031806	0.685153808217275	0.689091699989864	0.704093444890584	0.714091783538299
0.0585	0.485948523270414	0.703623673609096	0.848478799702697	0.85481978060875	0.868432454422543	0.877022044832746
0.061	0.670777099527715	0.908143884780147	1.06734810931482	1.07657256393351	1.08898705794235	1.09636201090795
0.0635	0.909213811850206	1.16930257559502	1.34532352759552	1.35763709197512	1.36901874442835	1.37536768378338
0.066	1.18852592050103	1.47180543478672	1.66509905337297	1.68048699023196	1.69094632536606	1.69642503538209
0.0685	1.4802936708401	1.78432534048346	1.99360385291724	2.01188801528017	2.02148005532046	2.02621241743214
0.071	1.74878848641443	2.06855474404966	2.2911423035888	2.31201131531148	2.32077265825287	2.32486510788444
0.0735	1.96136281652969	2.28989562941891	2.52188807204365	2.54489265379599	2.55287221650448	2.5564190313783
0.076	2.09304353597348	2.42227439326064	2.65888757006941	2.68348043382771	2.69073907276844	2.69382108894317
0.0785	2.13030370405687	2.45200903935161	2.68802699928115	2.71356735438494	2.72015387017443	2.72283157604553
0.081	2.06189209542833	2.36810615328572	2.59814298743687	2.62389654327965	2.62984509963631	2.63216391298592
0.0835	1.89222321029968	2.17641209376135	2.3957397577103	2.42100032848934	2.42633507183643	2.42833390974787
0.086	1.64223342752401	1.89994704926112	2.10493717588076	2.12911770810586	2.13386704822617	2.13558199583131
0.0885	1.34395147519691	1.57296610517338	1.76121294322133	1.78387963212708	1.78808796526787	1.78955550697022
0.091	1.03282134399466	1.23302701377341	1.40337051934702	1.42424367758617	1.42796808971743	1.42922634529259
0.0935	0.733198133647607	0.906069844947395	1.05849836319182	1.07742558339615	1.08072405324932	1.08180634807016
0.096	0.462908879877391	0.610897325218467	0.746155689068275	0.763074419790199	0.765997310717847	0.766930632673714
0.0985	0.235593558467374	0.361739075486445	0.481032769465521	0.495943643863666	0.498529383565303	0.499334543761376
0.101	0.0622884774136328	0.170063381885937	0.274982405915537	0.28794304130004	0.290220253518541	0.290913105103304
0.1035	-0.0508127359456671	0.0419041119423054	0.134142745658344	0.145247067082997	0.147239448168012	0.147834289315318
0.106	-0.107828364344966	-0.0272915349998598	0.0539461002808397	0.0633229318358313	0.0650536588690519	0.0655637074830719
0.1085	-0.120619648213181	-0.0499207013107357	0.0219403433584014	0.0297565727937118	0.0312506507093379	0.0316878188578993
0.111	-0.102990522817065	-0.040314205785807	0.0237163178242775	0.0301742572116778	0.0314586026036901	0.031833888195355
0.1135	-0.0664263407926153	-0.010384425799401	0.0471681877493745	0.0524758945186994	0.0535767319808723	0.0538993240565384
0.116	-0.0203761056286618	0.0300973226241726	0.0822923825573061	0.0866437339628851	0.0875853189501517	0.087862506657072
0.1185	0.0260229581291031	0.0717416261717439	0.119483920745584	0.123051139227967	0.123855512313863	0.124093225642466
0.121	0.0651931913916728	0.106723135148737	0.150701993571759	0.153634844330932	0.154321471532503	0.15452465969144
0.1235	0.09077197958466	0.128508425316889	0.169228778854674	0.171654550478206	0.172240331822827	0.172413355072703
0.126	0.0987374522818763	0.133021177231529	0.170856462334907	0.17288097475258	0.17338057395416	0.173527480008859
0.1285	0.0926548130280557	0.123820371403199	0.159060671885563	0.160772489346164	0.161198582734143	0.161322984371708
0.131	0.0778531455019131	0.106246546481854	0.139114619081112	0.14058572554549	0.140949005679667	0.141054145750567
0.1335	0.0594344765707325	0.0854103339867914	0.116068207883933	0.117354470007701	0.117663683742906	0.117752530712802
0.136	0.0427764169111037	0.0666737311382292	0.0952530943958422	0.0963988725280904	0.0966613430154088	0.0967364844516118
0.1385	0.0311000655832246	0.0532231737816628	0.079841324354872	0.0808814324232427	0.0811034829780094	0.0811671275979294
0.141	0.0256109980930108	0.0462162137567636	0.0709816280944674	0.0719417257408876	0.0721289688545204	0.0721829690695348
0.1435	0.0280009447564599	0.0472953264689995	0.0703090902215981	0.071205759576283	0.0713632333631645	0.0714090757881959
0.146	0.0390764671100244	0.0572222649314833	0.0785803196487778	0.0794224287874495	0.0795546826175173	0.0795935280749608
0.1485	0.0587028753936866	0.075829490075379	0.0956281492984294	0.0964213180562867	0.0965324671410588	0.0965652661593367
0.151	0.0849999869262961	0.101205204862525	0.119540033375015	0.120288251085779	0.120381917820061	0.12040946643119
0.1535	0.11486584157763	0.130216501475383	0.147181263230769	0.147887493807707	0.147966731727043	0.147989724323618
0.156	0.144940098762761	0.159471129017412	0.175156593163769	0.17582284356808	0.175890055315197	0.175909141594899
0.1585	0.17267553234777	0.186400023577727	0.200892960172212	0.201520489095017	0.201577487328382	0.201593282331934
0.161	0.196730559593413	0.209665096885633	0.223047322033459	0.223637112239971	0.223685351719134	0.223698416959958
0.1635	0.219159800383046	0.231326539254775	0.243675731027763	0.244228481079911	0.24426920354825	0.244280031261019
0.166	0.243959839784184	0.255390205810297	0.266780315592996	0.267296541383006	0.26733083425959	0.267339834449327
0.1685	0.274782366368441	0.285517525077128	0.296018756392818	0.296498892582029	0.296527692287306	0.296535200315458
0.171	0.314324678801841	0.324413919711476	0.334092629582555	0.33453713295987	0.334561242942848	0.334567527315739
0.1735	0.364175512573753	0.373672091801194	0.382590318184401	0.38299988406862	0.383020023271682	0.38302530015765
0.176	0.423125311600753	0.432084555642072	0.440299795369444	0.440675537381237	0.440692334283904	0.440696779015982
0.1785	0.487122210472664	0.495599959532016	0.503165303351136	0.503508804378571	0.503522798981954	0.503526552962847
0.181	0.551936030232256	0.559988853251608	0.56695326008557	0.567266531975336	0.567278182216728	0.567281355273358
0.1835	0.613052255371632	0.620736785167037	0.627145268736461	0.627430678088899	0.627440363945721	0.627443038370268
0.186	0.665785813449549	0.673149605259862	0.679043516932113	0.679303422670862	0.679311467597021	0.679313707166029
0.1885	0.705746218525886	0.712825670845769	0.718242449986603	0.718479053175266	0.718485741244253	0.718487596225999
0.191	0.729451666293001	0.736273414616157	0.741246097868791	0.741461420069909	0.74146699948582	0.741468513019583
0.1935	0.733977577456972	0.740559821465664	0.745117917346282	0.745313784732314	0.745318461306183	0.745319676719555
0.196	0.717337331533481	0.723694186914306	0.727865200226657	0.728043271126543	0.72804721150407	0.728048175125028
0.1985	0.67954746571822	0.685688148085347	0.689497986030924	0.689659763398438	0.689663102392378	0.689663863513226
0.201	0.621654791803438	0.627582627185366	0.631056080628312	0.631202930330735	0.631205784259351	0.631206394778483
0.2035	0.547722560499172	0.553439088484854	0.556600252897846	0.556733408660881	0.556735874635551	0.556736387060345
0.206	0.463724021276793	0.469230134359597	0.472102454925603	0.472223038381765	0.47222519917306	0.472225659755601
0.2085	0.37597089894696	0.381266543485266	0.383872053644292	0.383981101564675	0.383983025762613	0.383983471129608
0.211	0.290704085212368	0.295787975689521	0.298146991517827	0.298245473640802	0.298247214643656	0.298247670895516
0.2135	0.213735047236629	0.2186047186122	0.220736075327672	0.220824916087389	0.220826515187468	0.220826998492523
0.216	0.149542866221221	0.154195952006466	0.156117429582102	0.156197519425462	0.156199008898134	0.156199526085091
0.2185	0.0995127094225558	0.103949491788876	0.105678257301458	0.105750457572151	0.105751864989064	0.105752414768794
0.221	0.0636664646500318	0.0678898429021563	0.0694424257033384	0.0695075354885934	0.0695088817589186	0.0695094592833858
0.2235	0.0411903839677583	0.0452040838667507	0.0465960555527951	0.0466547757736973	0.0466560741386798	0.0466566732201152
0.226	0.0298804489419493	0.033688745939882	0.0349346224085536	0.0349875528274251	0.0349888108236239	0.034989424664016
0.2285	0.0271833581255715	0.0307918964319043	0.0319052575873519	0.0319529309082287	0.0319541527916461	0.0319547748819128
0.231	0.0305724698354244	0.0339886104883744	0.0349824073215683	0.0350252927562459	0.0350264805006835	0.0350271054959315
0.2335	0.0376989743788541	0.0409317683896926	0.0418184713388752	0.0418569685419697	0.0418581214843701	0.0418587459887963
0.236	0.0464190982918461	0.0494787979364179	0.0502701903330679	0.0503046588503556	0.0503057748233508	0.0503063961940608
0.2385	0.0549973245894623	0.057893735283089	0.0586004722195962	0.0586312476309778	0.0586323243999618	0.0586329407610135
0.241	0.062140907177449	0.0648831908740911	0.0655147821842091	0.0655421798904573	0.0655432157394852	0.0655438260702653
0.2435	0.0668309378711416	0.0694279660926791	0.0699928915708738	0.0700172163335867	0.070018210216962	0.0700188143461771
0.246	0.0686243705744909	0.071084656764639	0.0715905574168144	0.0716121062080195	0.0716130575794212	0.0716136560227223
0.2485	0.068047604720848	0.0703788766684553	0.0708326909446544	0.0708517526111768	0.0708526610378615	0.0708532545611429
0.251	0.0658757076838056	0.0680849095542075	0.0684929057018978	0.0685097460714081	0.0685106110401341	0.068511200794622
0.2535	0.0629840130875361	0.0650775422161961	0.0654453263388545	0.0654601778416283	0.0654609986725193	0.0654615855507826
0.256	0.0605728806252437	0.0625566959824132	0.0628892032964683	0.0629022662509148	0.0629030416747955	0.0629036265859711
0.2585	0.0599401508367195	0.0618197215445531	0.0621212434861446	0.0621326965825737	0.0621334252230383	0.0621340091805268
0.261	0.0620681614406851	0.0638483787902197	0.0641226328386243	0.0641326369332446	0.0641333173883301	0.0641339015260511
0.2635	0.0673118305199127	0.068996864328397	0.0692470712838049	0.0692557675177268	0.0692563985943551	0.0692569842385023
0.266	0.0759042087489351	0.0774975561492024	0.0777264606273863	0.0777339756731673	0.0777345568203417	0.0777351453195631
0.2685	0.0877884712858528	0.0892933855544251	0.0895033751783583	0.0895098272827345	0.089510358556008	0.0895109515521499
0.271	0.102583281299907	0.10400294391755	0.104196103527313	0.104201602881748	0.104202084644122	0.10420268382638
0.2735	0.119653663521066	0.120991180401213	0.12116929667003	0.121173945933595	0.121174378486463	0.121174985098474
0.276	0.138379158183102	0.139637535471039	0.139802107029319	0.139806001602272	0.139806385084475	0.139806999741337
0.2785	0.158433018221659	0.15961518438182	0.15976746905148	0.15977069796414	0.159771032873608	0.159771655019185
0.281	0.179291943418977	0.180400821399779	0.180541872511934	0.18054451969176	0.180544806822538	0.180545434156975
0.2835	0.200541840765078	0.201580335306235	0.201711053531449	0.201713196559677	0.20171343662436	0.20171406535786
0.286	0.221963645154813	0.22293464881003	0.22305583480781	0.22305754341409	0.223057737392791	0.223058362359146
0.2885	0.243150936909421	0.244057350353047	0.244169707403303	0.244171043758211	0.244171193455743	0.244171808162646
0.291	0.263598492032226	0.264443265533029	0.264547401314557	0.264548422594888	0.264548531047412	0.264549128203001
0.2935	0.28263847027505	0.283424612646104	0.283521054859202	0.283521814398256	0.283521885621184	0.283522457468539
0.296	0.299405059439205	0.300135568074463	0.300224796374316	0.300225342582833	0.300225381262158	0.300225920685315
0.2985	0.312964650866379	0.313642488388507	0.313724945871866	0.313725320520908	0.313725332280026	0.313725833469085
0.301	0.322331518179974	0.32295961014293	0.323035719366028	0.323035958151257	0.323035949617552	0.323036407775647
0.3035	0.326660684283795	0.327241911024803	0.327312081952926	0.32731221499447	0.327312193200985	0.327312605091328
0.306	0.325488256145359	0.326025445958503	0.32609007725415	0.326090129381779	0.326090101150785	0.326090465615097
0.3085	0.31850977460249	0.319005694733784	0.319065174600987	0.31906516628499	0.319065138058779	0.319065455739603
0.311	0.305589646363403	0.306046992903676	0.306101695696741	0.30610164242457	0.306101620221385	0.306101893689093
0.3135	0.287330194384716	0.287751550615265	0.287801823950161	0.287801736620166	0.287801725619927	0.287801959208455
0.316	0.264599657468279	0.264987486554409	0.265033650110708	0.265033536604794	0.265033540937294	0.265033740493669
0.3185	0.238262074899034	0.23861870659355	0.238661057618276	0.238660923836188	0.238660946629726	0.238661119306386
0.321	0.209378908673547	0.209706531178016	0.209745345389897	0.20974519536406	0.209745238866995	0.209745392484178
0.3235	0.179134458863118	0.179435128452833	0.179470661826681	0.179470498211812	0.179470563783	0.17947070625002
0.326	0.148724497143193	0.149000150990911	0.149032642660551	0.149032466920409	0.149032555058281	0.149032694234696
0.3285	0.119430959729159	0.119683419125755	0.119713093063187	0.119712906310456	0.119713016785635	0.119713159853175
0.331	0.0922019448026019	0.0924329315825162	0.0924599990452953	0.0924598030090571	0.0924599349675489	0.0924600873234821
0.3335	0.0678738733278951	0.0680850121490836	0.068109671867826	0.0681094684078262	0.0681096202941448	0.0681097854930863
0.336	0.0472366191126238	0.047429462080144	0.0474519005470247	0.0474516911576356	0.0474518606947022	0.047452040661472
0.3385	0.0307445308697518	0.0309205579380309	0.0309409496066562	0.0309407356593877	0.0309409202091847	0.0309411150521579
0.341	0.0185062799988387	0.0186668865309334	0.018685393096444	0.0186851757272687	0.0186853725618265	0.0186855807411091
0.3435	0.0105219611048018	0.0106684408821948	0.0106852102678316	0.0106849903268975	0.0106851966602586	0.0106854152750547
0.346	0.00649712049512258	0.00663066180763023	0.00664582948011762	0.00664560760043903	0.00664582053835892	0.00664604563441871
0.3485	0.00577326338777013	0.00589495622096657	0.0059086469273381	0.00590842312855807	0.00590863985404991	0.00590886746216788
0.351	0.00760789286772466	0.00771873910773415	0.00773106872003259	0.00773084259800776	0.00773106047371857	0.00773128691063573
0.3535	0.0112639401989666	0.0113648781769025	0.0113759576828133	0.0113757290643369	0.0113759456722814	0.0113761675428306
0.356	0.0160047918105698	0.016096702215028	0.0161066383166668	0.0161064071604126	0.0161066201321367	0.0161068347921036
0.3585	0.0211981108145529	0.0212818163095719	0.0212907112540823	0.0212904775872589	0.0212906845168994	0.0212908904401372
0.361	0.0262746031591368	0.0263508669296498	0.0263588184832897	0.0263585826399509	0.0263587810896547	0.0263589778472696
0.3635	0.0307642639220286	0.0308337830968888	0.0308408837545402	0.0308406462552609	0.030840833850759	0.0308410222488399
0.366	0.0345329287805516	0.0345963366102767	0.0346026736999237	0.0346024351838085	0.0346026097419761	0.0346027916618752
0.3685	0.0376282436683741	0.0376861127877494	0.0376917681966124	0.0376915294492252	0.0376916890705196	0.0376918672269973
0.371	0.0401104044905152	0.0401632554850526	0.0401683039604663	0.0401680655359935	0.0401682087580758	0.0401683865170222
0.3735	0.0421613136408275	0.0422096238115332	0.042214132883599	0.0422138950939515	0.0422140209473464	0.0422142021021838
0.376	0.0441093056973257	0.0441535095541923	0.0441575394829903	0.044157302651674	0.0441574106470593	0.0441575990247284
0.3785	0.0462929478525346	0.0463334352376436	0.0463370385498589	0.0463368029468405	0.0463368931385493	0.046337092254939
0.381	0.0490445394291226	0.0490816557249478	0.0490848771981574	0.0490846429738962	0.04908471597875	0.0490849288050748
0.3835	0.0526363895127488	0.0526704418216702	0.0526733186834256	0.0526730860113954	0.0526731429880687	0.0526733715571137
0.386	0.0571905206691835	0.0572217878744765	0.0572243496942356	0.0572241188454423	0.0572241614503487	0.0572244066079282
0.3885	0.0627813784468272	0.0628101143335016	0.062812385241882	0.0628121567266098	0.0628121869738422	0.0628124484042021
0.391	0.0694035950129586	0.0694300313130557	0.0694320335887367	0.0694318082830049	0.0694318283581854	0.0694321046498625
0.3935	0.076849083837204	0.0768734290280366	0.0768751838674273	0.076874962899988	0.0768749752150691	0.0768752637763252
0.396	0.0847647944595333	0.0847872346081521	0.0847887624437905	0.0847885470175427	0.0847885541479112	0.0847888513508653
0.3985	0.0927959745323317	0.0928166764900677	0.0928179970343295	0.0928177885527929	0.0928177930168561	0.0928180944388842
0.401	0.100566182113697	0.100585294765426	0.100586427177599	0.100586227245974	0.10058623142039	0.100586531990257
0.4035	0.107679572179538	0.107697225728603	0.107698189875348	0.10769800018879	0.107698006077191	0.107698300506916
0.406	0.113762574520707	0.113778879747305	0.113779697097396	0.113779519309291	0.113779528423883	0.11377981151651
0.4085	0.118491596587561	0.118506650438801	0.118507342133406	0.118507177787689	0.118507191224213	0.118507458034368
0.411	0.121602662308239	0.121616554288524	0.121617139777486	0.121616990163727	0.121617008619246	0.12161725474072
0.4135	0.122958244428683	0.122971059285795	0.122971556007841	0.122971422012506	0.122971445685039	0.122971667630809
0.416	0.122506650108758	0.122518468092779	0.122518891321491	0.122518773381512	0.122518802078696	0.122518997407713
0.4185	0.120218188905248	0.12022908613917	0.120229448851578	0.120229346917287	0.120229380224361	0.120229547568062
0.421	0.116128043598518	0.116138093269118	0.116138405968311	0.11613831950657	0.116138356806926	0.116138495987103
0.4235	0.110392421529449	0.110401695604911	0.110401965897658	0.110401893906967	0.110401934488367	0.110402046489094
0.426	0.103214385947364	0.103222955614631	0.103223188214427	0.103223129276969	0.103223172400359	0.103223259252594
0.4285	0.0948030417875784	0.0948109741255012	0.0948111725974377	0.0948111248899473	0.0948111698540536	0.0948112343993335
0.431	0.0854459449191884	0.0854532999939039	0.0854534676356236	0.0854534291082555	0.085453475296245	0.0854535209776725
0.4335	0.0755128468883461	0.0755196766554337	0.0755198164432256	0.0755197851278197	0.0755198320355565	0.075519862636928
0.436	0.0653654251832949	0.065371774232124	0.0653718888696487	0.06537186297844	0.0653719101760357	0.0653719296012539
0.4385	0.055342756764083	0.0553486629699758	0.0553487550245752	0.0553487329447204	0.0553487800345931	0.0553487921431927
0.441	0.0457640867315251	0.0457695809593564	0.0457696529936322	0.045769633300086	0.0457696799747057	0.0457696883446054
0.4435	0.036890005673955	0.0368951118837379	0.0368951666946885	0.036895148256069	0.0368951943956079	0.0368952020127583
0.446	0.0289440551932824	0.0289487908984939	0.0289488315940072	0.028948813600959	0.0289488592685418	0.0289488684737773
0.4485	0.022115792108947	0.0221201723461611	0.022120201698512	0.0221201836579586	0.022120228996433	0.0221202415584486
0.451	0.0165074697261514	0.0165115100737588	0.0165115302095103	0.0165115118983338	0.0165115571000056	0.0165115741504071
0.4535	0.012086208779814	0.0120899259707932	0.0120899384984298	0.0120899198368112	0.0120899651825913	0.0120899871314114
0.456	0.0087797509249105	0.00878316274941945	0.00878316886553274	0.00878314985737273	0.00878319567336178	0.00878322232738707
0.4585	0.00651504667360464	0.00651817201325691	0.00651817257706215	0.00651815330932653	0.00651819990963851	0.00651823062300406
0.461	0.00519444234519858	0.00519730192632035	0.00519729750753539	0.00519727815199858	0.0051973258259021	0.00519735958133029
0.4635	0.00467563179719292	0.00467824829814353	0.00467823921848148	0.00467821997417907	0.00467826887716782	0.00467830451510821
0.466	0.00481154477851151	0.00481394275167007	0.00481392905394824	0.00481391012039522	0.00481396023077458	0.00481399657833432
0.4685	0.00546123118298528	0.00546343495905009	0.0054634166466305	0.00546339827655964	0.00546344942674286	0.00546348534339967
0.471	0.00649055650840216	0.00649258774088204	0.00649256504613009	0.00649254756982577	0.0064925994465907	0.0064926339878024
0.4735	0.00778984780598929	0.00779172519029544	0.00779169855606584	0.00779168232967899	0.00779173442333803	0.00779176710042605
0.476	0.00927512586795896	0.00927686522643644	0.00927683523594361	0.00927682064989653	0.00927687228572033	0.00927690309561764
0.4785	0.0108706633648218	0.0108722778712709	0.0108722451332325	0.0108722326363069	0.0108722830782078	0.0108723123762873
0.481	0.0125109959305042	0.0125124957991198	0.012512460866308	0.0125124509781847	0.0125124994367582	0.0125125279419819
0.4835	0.0141659610846521	0.0141673535011262	0.0141673167693979	0.0141673100780101	0.0141673557543859	0.0141673845581461
0.486	0.0158252305217357	0.0158265198221772	0.0158264815467752	0.0158264786826799	0.0158265208488311	0.0158265512922364
0.4885	0.0174785916526052	0.0174797800212064	0.0174797402850693	0.0174797418842085	0.0174797799091505	0.0174798135142989
0.491	0.0191189505694787	0.0191200405545453	0.0191199990958432	0.0191200057007035	0.0191200391184197	0.0191200774043894
0.4935	0.0207605434721434	0.0207615386119943	0.0207614947511717	0.0207615068268472	0.0207615354104054	0.0207615796898069
0.496	0.0224241767848423	0.0224250815994195	0.0224250342376856	0.0224250522004608	0.0224250759895731	0.0224251272349149
0.4985	0.0241230217670566	0.0241238417635536	0.0241237894927289	0.0241238136919104	0.024123832956696	0.0241238918197568
0.501	0.0258639139658053	0.0258646557641527	0.0258645969836634	0.025864627668644	0.0258646428775466	0.0258647096969607
0.5035	0.0276396778513433	0.0276403493779391	0.0276402824509489	0.0276403197218731	0.0276403315371933	0.0276404062291896
0.506	0.029418171400987	0.0294187816085074	0.0294187050168214	0.0294187488222878	0.0294187580594963	0.0294188400465193
0.5085	0.031162473485909	0.0311630321139496	0.0311629445004634	0.031162994665259	0.0311630022475057	0.0311630904955437
0.511	0.0328401803757006	0.0328406968841399	0.0328405971755029	0.032840653413083	0.0328406603213023	0.0328407534655131
0.5135	0.0344108918014871	0.0344113740571129	0.0344112616729155	0.0344113236075924	0.0344113308026211	0.0344114272631271
0.516	0.0358086410765797	0.0358090952850241	0.0358089702778245	0.0358090374179076	0.0358090457832759	0.0358091437912259
0.5185	0.0369627757481365	0.0369632065046856	0.0369630695755314	0.0369631412904519	0.0369631516125531	0.0369632492551534
0.521	0.0378153683961353	0.0378157788749113	0.0378156312782603	0.0378157067975405	0.0378157197531333	0.0378158150600301
0.5235	0.0383132629732748	0.0383136550124935	0.0383134984986242	0.0383135769543523	0.0383135931084834	0.0383136841007134
0.526	0.0384146668711307	0.0384150410698775	0.0384148777986439	0.0384149582774017	0.0384149780315293	0.0384150628739885
0.5285	0.0380984244748364	0.0380987804375022	0.0380986128559221	0.0380986943793741	0.0380987179589487	0.0380987951042727
0.531	0.0373481743701117	0.0373485108505907	0.0373483416398857	0.0373484231600256	0.03734845062408	0.0373485188286065
0.5335	0.0361551809473378	0.0361554965954241	0.0361553284973657	0.0361554089652801	0.0361554402207648	0.0361554985055373
0.536	0.0345396668373659	0.034539960719956	0.0345397963172941	0.034539874741824	0.0345399095442182	0.0345399572929882
0.5385	0.0325516516135352	0.0325519232385831	0.0325517648192683	0.0325518403119557	0.0325518782660767	0.0325519153394864
0.541	0.0302459096796497	0.030246159002813	0.0302460085407897	0.0302460803375297	0.0302461209088056	0.0302461476159804
0.5435	0.0276747198870987	0.0276749473138519	0.0276748064684634	0.0276748739483844	0.0276749164875699	0.0276749334973557
0.546	0.024902686531895	0.0249028928727101	0.0249027629199302	0.0249028256029988	0.0249028693610307	0.0249028776983297
0.5485	0.0220165135481543	0.0220166999823846	0.0220165817197222	0.0220166392972511	0.0220166834934302	0.0220166844820999
0.551	0.0191054644497677	0.019105632435055	0.0191055261984854	0.0191055785688842	0.0191056224552644	0.0191056175795927
0.5535	0.0162557572385709	0.0162559084527902	0.0162558141478397	0.01625586140997	0.0162559042832764	0.0162558951488984
0.556	0.0135412915173166	0.0135414276195834	0.0135413448154944	0.0135413871998278	0.0135414284204815	0.0135414166840221
0.5585	0.0110207099767214	0.0110208325088095	0.0110207605087313	0.0110207983256436	0.0110208373756406	0.011020824590703
0.561	0.00874350987412447	0.00874362026824552	0.0087435581279084	0.00874359176281588	0.00874362827842309	0.00874361578372128
0.5635	0.00675416611479707	0.00675426568405708	0.00675421223585454	0.00675424214285627	0.00675427590907192	0.00675426482703423
0.566	0.00508927376878453	0.00508936369301697	0.00508931760309071	0.00508934428912577	0.00508937522257578	0.00508936647881303
0.5685	0.00376918877719672	0.00376927015552165	0.00376923002233808	0.00376925401217904	0.00376928216971165	0.00376927644605392
0.571	0.00278478901266006	0.0027848628824227	0.00278482735650008	0.0027848491468489	0.00278487471208402	0.00278487238652601
0.5735	0.00211327982391396	0.00211334718682242	0.00211331499621524	0.00211333506786707	0.00211335828679234	0.0021133594834613
0.576	0.00173129539336559	0.00173135723507568	0.00173132717992068	0.00173134600964765	0.00173136717051025	0.00173137178772514
0.5785	0.00161620001486974	0.00161625731839136	0.00161622827080907	0.00161624635046291	0.00161626576980522	0.00161627353430629
0.581	0.00173587896367673	0.00173593264349431	0.00173590359569495	0.00173592144257813	0.00173593941990724	0.00173594995702836
0.5835	0.00204844583730243	0.00204849670849672	0.00204846682454124	0.00204848495643165	0.00204850175070426	0.0020485146300813
0.586	0.00251225828262103	0.0025123070664108	0.00251227567740547	0.00251229460778877	0.00251231043963633	0.00251232518588881
0.5885	0.00309055351233915	0.00309060086737865	0.00309056742716687	0.00309058766715642	0.0030906027321555	0.00309061883825714
0.591	0.00374894082343696	0.00374898732713435	0.00374895137233125	0.00374897344782232	0.00374898790833281	0.0037490048653328
0.5935	0.00445897573814159	0.00445902185722729	0.00445898297820309	0.0044590074302564	0.00445902139666468	0.00445903877010977
0.596	0.00519522936333806	0.00519527544278908	0.00519523329363398	0.00519526062112185	0.00519527417101771	0.00519529162764035
0.5985	0.00593203196812879	0.00593207822815496	0.0059320325342213	0.00593206316198824	0.00593207635482463	0.00593209365636689
0.601	0.00664539508927475	0.00664544163137318	0.00664539218220425	0.00664542646734367	0.0066454393499011	0.00664545633133995
0.6035	0.00732102079418761	0.00732106768582256	0.00732101430536645	0.00732105253306909	0.00732106515098249	0.00732108171780222
0.606	0.00795521824183383	0.00795526554442096	0.00795520805877873	0.00795525044369577	0.00795526285129899	0.00795527899241423
0.6085	0.00854601063526789	0.00854605840731025	0.00854599664232527	0.00854604332969045	0.00854605559065421	0.00854607137451475
0.611	0.00909043341259281	0.00909048170053334	0.00909041550535064	0.00909046657125234	0.00909047875039117	0.00909049430708262
0.6135	0.00958730247562684	0.00958735131443476	0.00958728057653615	0.00958733602253191	0.00958734817865069	0.0095873636922265
0.616	0.0100392448553884	0.0100392942893065	0.0100392189396428	0.0100392786855023	0.0100392908767944	0.0100393065554806
0.6185	0.0104498959329469	0.0104499460202495	0.0104498660384997	0.0104499299360958	0.0104499422291097	0.0104499582581441
0.621	0.0108231876783413	0.0108232384655628	0.0108231538942537	0.0108232217433779	0.0108232342152909	0.0108232507447553
0.6235	0.0111630117230419	0.0111630632469817	0.0111629741951262	0.0111630457388824	0.0111630584756079	0.0111630756296912
0.626	0.0114695877461515	0.0114696400020982	0.0114695466638353	0.0114696215623296	0.0114696346594635	0.0114696525432686
0.6285	0.0117351735778863	0.0117352264915596	0.0117351291806113	0.0117352070076374	0.0117352205697831	0.0117352392151589
0.631	0.0119492965918802	0.0119493500227607	0.0119492491813609	0.0119493294281272	0.0119493435633501	0.0119493629106779
0.6335	0.0121015192646577	0.0121015730070914	0.0121014692031246	0.0121015512755641	0.0121015660952053	0.0121015860023908
0.636	0.0121815281686544	0.0121815819540919	0.012181475875576	0.0121815590893406	0.0121815747093444	0.0121815949706969
0.6385	0.0121773514437839	0.0121774049386138	0.0121772973981375	0.0121773809924641	0.0121773975370824	0.0121774178781459
0.641	0.0120772509299894	0.0120773037336601	0.0120771956565772	0.0120772788297299	0.0120772964088694	0.0120773165098507
0.6435	0.0118738388952505	0.011873890576092	0.0118737829563572	0.0118738649023235	0.011873883590979	0.0118739031116909
0.646	0.0115628282606486	0.0115628783814315	0.0115627722523464	0.0115628521787867	0.0115628720114428	0.0115628906001413
0.6485	0.0111420280029107	0.0111420761246439	0.0111419725411417	0.0111420496857379	0.0111420706588806	0.0111420879493784
0.651	0.0106166483408611	0.0106166940684578	0.0106165940441017	0.0106166677276636	0.0106166897911268	0.0106167054329773
0.6535	0.00999880588297024	0.00999884887916817	0.00999875333435686	0.0099988229896872	0.00999884603924905	0.00999885975515774
0.656	0.0093025794155962	0.00930261940047765	0.00930252915071089	0.00930259433014919	0.00930261820675139	0.00930262980598173
0.6585	0.00854357835349463	0.00854361511477293	0.00854353084782609	0.00854359123527914	0.00854361573352911	0.0085436251074507
0.661	0.00773912891955795	0.00773916232279062	0.00773908457138492	0.00773913999437157	0.00773916486854925	0.00773917199045341
0.6635	0.00690902759230984	0.0069090575845655	0.00690898670115792	0.00690903712669653	0.00690906209368095	0.00690906703423152
0.666	0.00607605527415988	0.00607608188582367	0.00607601802231044	0.0060760635405858	0.00607608830573386	0.00607609123633318
0.6685	0.00525999394007558	0.00526001728021625	0.00525996039038176	0.0052600011961265	0.00526002547892282	0.00526002665065071
0.671	0.00447880749482433	0.00447882775004938	0.00447877759475086	0.00447881398037236	0.00447883752125368	0.00447883725501944
0.6735	0.00374732281427013	0.00374734023951302	0.00374729640989643	0.00374732875491207	0.00374735131256371	0.00374734998404206
0.676	0.00307757147769989	0.00307758635888153	0.00307754831188316	0.00307757705092214	0.00307759842027781	0.00307759643007975
0.6785	0.00247973122874228	0.0024797438764472	0.00247971095107761	0.00247973655650958	0.00247975658563681	0.00247975432531851
0.681	0.00196322763117252	0.00196323838105655	0.00196320980350573	0.00196323278205509	0.00196325137413364	0.00196324921901092
0.6835	0.00153475032982125	0.00153475953575031	0.00153473445567698	0.00153475533736638	0.00153477244386236	0.00153477074297485
0.686	0.00119852819142652	0.00119853622143771	0.00119851374296131	0.00119853306902451	0.00119854868817467	0.00119854775266054
0.6885	0.000954644818218069	0.000954652051601405	0.000954631262174589	0.000954649568755161	0.000954663752712888	0.000954663832512487
0.691	0.000798518293594682	0.000798525110852257	0.000798505115588867	0.000798522920710935	0.000798535772455349	0.000798537037449809
0.6935	0.000725380891082124	0.00072538765252797	0.000725367608133102	0.000725385414488927	0.000725397061469558	0.000725399609717717
0.696	0.00073081409642045	0.000730821134660047	0.000730800258252852	0.000730818554905496	0.000730829140602082	0.000730833003412919
0.6985	0.000810680941003181	0.00081068856379365	0.000810666132193972	0.000810685389185907	0.000810695074025132	0.000810700226549551
0.701	0.000956538822543882	0.000956547328682581	0.00095652270349708	0.000956543356123743	0.000956552303562368	0.000956558671291926
0.7035	0.00115679735592239	0.00115680703166452	0.00115677968042667	0.00115680211577017	0.00115681048445256	0.00115681794940194
0.706	0.00139957471098629	0.00139958582750227	0.00139955532637373	0.00139957988036047	0.00139958782354372	0.00139959622634596
0.7085	0.00167406020872383	0.00167407301415753	0.00167403903736693	0.00167406599554383	0.00167407365640838	0.00167408280523296
0.711	0.00197022359308238	0.0019702383040127	0.00197020061667307	0.00197023021526907	0.00197023772262529	0.00197024740015314
0.7135	0.00227890806883923	0.00227892486428222	0.0022788833223973	0.0022789157518014	0.00227892321382493	0.00227893318798525
0.716	0.00259228849078134	0.00259230751239241	0.00259226206156666	0.0025922974664098	0.00259230496458399	0.0025923150054097
0.7185	0.00290165037078102	0.00290167171888423	0.00290162239270764	0.00290166084528894	0.00290166845003473	0.00290167834270809
0.721	0.00319778354329168	0.0031978072747123	0.00319775419376744	0.00319779568101372	0.00319780345993897	0.0031978130102096
0.7235	0.00347210831326819	0.00347213443990125	0.00347207781025517	0.00347212223623478	0.00347213025358045	0.00347213928700427
0.726	0.0037197050152148	0.003719733487254	0.00371967358023318	0.00371972078050384	0.00371972909617224	0.00371973746771797
0.7285	0.00393876319081789	0.00393879389283802	0.00393873103043574	0.00393878078365789	0.00393878945107309	0.00393879705572509
0.731	0.00412796387891044	0.00412799663120764	0.00412793118397548	0.00412798321446191	0.00412799227951458	0.00412799905355304
0.7335	0.00428610243913347	0.00428613700537967	0.00428606938646284	0.00428612336959173	0.0042861328713412	0.00428613879235717
0.736	0.00441236054459514	0.00441239664339633	0.00441232729843823	0.00441238286920663	0.00441239283989134	0.00441239792858124
0.7385	0.00450704796197779	0.00450708527401105	0.00450701466999645	0.00450707143028794	0.00450708189199489	0.00450708621622897
0.741	0.00457108839091236	0.00457112656244534	0.00457105517737079	0.00457111270397906	0.00457112366958759	0.0045711273361626
0.7435	0.00460602363147154	0.00460606228969813	0.00460599059960147	0.00460604846575122	0.00460605993459467	0.00460606307294632
0.746	0.00461384948169471	0.00461388825249755	0.00461381672150978	0.00461387451737734	0.00461388647024296	0.00461388921601257
0.7485	0.00459645402183884	0.00459649253168632	0.00459642160748658	0.00459647894450496	0.00459649134184863	0.00459649383584779
0.751	0.00455498170684479	0.00455501959723131	0.00455494970661869	0.00455500622372357	0.00455501900907919	0.0045550213886836
0.7535	0.00448979015010386	0.00448982709626255	0.00448975864009362	0.0044898140141793	0.0044898271175598	0.00448982950012002
0.756	0.00440117172739898	0.00440120744215039	0.00440114079052898	0.0044011947424954	0.00440120807887435	0.00440121055752772
0.7585	0.00428932389247843	0.00428935812534965	0.00428929361961402	0.00428934591089583	0.00428935938321385	0.004289362025628
0.761	0.00415401681556663	0.00415404934888732	0.00415398731088954	0.00415403772783961	0.00415405123993967	0.00415405408305034
0.7635	0.00399477904909919	0.00399480969811277	0.00399475043294604	0.00399479878399382	0.00399481224550282	0.00399481529077429
0.766	0.00381101123240287	0.00381103984854809	0.00381098364127213	0.00381102976160803	0.00381104308619592	0.00381104630218188
0.7685	0.00360280139892921	0.00360282787189855	0.00360277498064733	0.00360281873785002	0.00360283184102417	0.00360283517099676
0.771	0.00337268126577413	0.0033727055187954	0.00337265615899929	0.00337269745987572	0.0033727102622452	0.00337271363871337
0.7735	0.00312386717290515	0.00312388916128616	0.00312384350214646	0.00312388229277393	0.00312389472237476	0.00312389807122614
0.776	0.00285994013291152	0.00285995984367019	0.00285991800921169	0.00285995426640668	0.00285996626543245	0.00285996950875145
0.7785	0.00258556366689089	0.00258558111746067	0.00258554317447911	0.00258557690431183	0.00258558842831971	0.00258559149435714
0.781	0.00230586240224254	0.00230587763591354	0.00230584358990336	0.00230587482253761	0.002305885842768	0.00230588867412938
0.7835	0.00202599832368053	0.00202601140873725	0.00202598120365061	0.00202600999257357	0.00202602049644374	0.00202602305094925
0.786	0.00175168647899624	0.00175169751329955	0.00175167102333653	0.0017516974582458	0.00175170744246108	0.00175170969452226
0.7885	0.00148920427041268	0.00148921338602475	0.0014891904067362	0.00148921462791457	0.00148922409022447	0.00148922603267776
0.791	0.00124447985306983	0.00124448721080597	0.00124446746542237	0.00124448965573144	0.00124449859753293	0.00124450024167088
0.7935	0.00102344844445498	0.00102345422919144	0.00102343737524304	0.00102345775098991	0.00102346618325136	0.00102346755531556
0.796	0.000830478192085094	0.000830482610191048	0.000830468252032771	0.000830487051439369	0.000830494996283244	0.000830496133339318
0.7985	0.000667538878399408	0.000667542155395633	0.00066752986095601	0.000667547331018167	0.000667554820842895	0.000667555766809592
0.801	0.000536229860990856	0.000536232242639943	0.000536221546391037	0.000536237946455912	0.000536245019119322	0.00053624582253547
0.8035	0.000437338981888781	0.000437340732091695	0.000437331145716232	0.000437346752268695	0.00043735344252165	0.000437354152763269
0.806	0.000370229616211884	0.000370231007070282	0.0003702220409652	0.000370237136116918	0.000370243477954977	0.000370244142429004
0.8085	0.000333776958512526	0.000333778270109844	0.000333769440562704	0.000333784308254201	0.000333790336231346	0.000333790997615619
0.811	0.000326746834510475	0.000326748354107943	0.000326739185025318	0.000326754109502608	0.00032675985895489	0.000326760555159064
0.8135	0.000346970307533062	0.000346972317980365	0.00034696235642484	0.000346977607748921	0.000346983116531765	0.000346983882181971
0.816	0.000391781672500057	0.000391784445758886	0.0003917732705862	0.000391789097749666	0.000391794406382623	0.000391795273635401
0.8185	0.000458270547518971	0.000458274346608696	0.000458261567954895	0.000458278201333484	0.000458283351410266	0.000458284348691807
0.821	0.000542893987303976	0.000542899065336891	0.000542884328329021	0.000542901976960778	0.000542907011045792	0.000542908163197463
0.8235	0.000642494787318364	0.000642501378859605	0.000642484371338212	0.000642503224677276	0.000642508180208839	0.000642509509005231
0.826	0.000754405002191446	0.000754413314371564	0.000754393774447841	0.000754414004359529	0.000754418907345247	0.000754420431768823
0.8285	0.000876073403506254	0.000876083611219853	0.00087606132645008	0.000876083083030175	0.000876087952196024	0.000876089690431577
0.831	0.00100489047104249	0.00100490270779927	0.00100487751905869	0.0010049009235006	0.00100490577471606	0.00100490774520633
0.8335	0.00113793073405951	0.00113794508593452	0.00113791689769841	0.00113794203896642	0.00113794688249589	0.0011379491014172
0.836	0.0012722453934396	0.0012722618979307	0.00127223067989387	0.00127225761469144	0.00127226245448666	0.00127226493570762
0.8385	0.00140491004029077	0.00140492868642585	0.00140489447329848	0.00140492322629068	0.00140492805997561	0.00140493081468328
0.841	0.0015331961706435	0.00153321690054955	0.00153317978990768	0.0015332103553415	0.00153321517416409	0.00153321820728185
0.8435	0.00165450623470931	0.00165452894455982	0.00165448909555503	0.00165452143743966	0.00165452622673998	0.00165452953533076
0.846	0.00176661046088832	0.00176663500084564	0.001766592632052	0.00176662668636678	0.00176663142439809	0.00176663499956722
0.8485	0.00186778349373492	0.0018678096681568	0.00186776505436807	0.00186780073385774	0.0018678053891132	0.00186780921706928
0.851	0.00195628101447323	0.00195630858794667	0.00195626205248851	0.00195629923910925	0.00195630378051517	0.00195630784247238
0.8535	0.00203026710383164	0.00203029580773219	0.00203024771449763	0.00203028625050314	0.00203029065886598	0.00203029493097046
0.856	0.00208784993444274	0.00208787947003584	0.00208783022392958	0.0020878699103923	0.00208787417816599	0.00208787863057739
0.8585	0.00212762454012566	0.0021276545914169	0.00212760462732324	0.00212764522912571	0.00212764935823325	0.00212765395479082
0.861	0.00214944449866038	0.00214947475189966	0.00214942450605148	0.00214946576688434	0.00214946976588257	0.00214947446701857
0.8635	0.00215345813690387	0.00215348828302504	0.00215343818690249	0.00215347983278418	0.00215348371564701	0.00215348847941681
0.866	0.00213986267362934	0.00213989240906436	0.00213984288826421	0.00213988462828392	0.00213988841427849	0.00213989319673036
0.8685	0.00210936761532681	0.00210939665238736	0.00210934811399558	0.00210938964838045	0.00210939336140252	0.00210939812110287
0.871	0.00206301371882094	0.00206304179266399	0.00206299461662653	0.00206303564157809	0.00206303931002416	0.00206304401131015
0.8735	0.00200181591901705	0.00200184278874702	0.00200179732671774	0.00200183753390421	0.00200184119134312	0.00200184580379021
0.876	0.00192676662196366	0.00192679207400869	0.00192674864676738	0.00192678772423252	0.00192679140969987	0.00192679590699917
0.8785	0.00183920206048995	0.00183922591559873	0.00183918480520915	0.00183922245180295	0.0018392262041071	0.00183923056391194
0.881	0.00174107935092257	0.00174110147542582	0.00174106291225738	0.00174109886323868	0.00174110271089458	0.00174110691451275
0.8835	0.00163452443113377	0.00163454473891501	0.00163450889789899	0.00163454293106585	0.00163454689028679	0.00163455092337663
0.886	0.00152178923092258	0.00152180768320033	0.00152177468073006	0.00152180662287888	0.00152181069683135	0.00152181455112184
0.8885	0.00140481576021395	0.00140483235681594	0.00140480225949998	0.0014048319838765	0.00140483616699343	0.00140483984011113
0.891	0.00128545367103893	0.00128546844919476	0.00128544127588704	0.00128546870238484	0.00128547298118127	0.00128547647614786
0.8935	0.00116554110296951	0.0011655541374162	0.00116552985926917	0.00116555495437384	0.00116555930750906	0.00116556263265079
0.896	0.00104673740692143	0.0010467488050137	0.00104672735022441	0.00104675012426317	0.00104675452459008	0.00104675769078956
0.8985	0.000930468284355596	0.000930478179133097	0.000930459439331424	0.000930479943561228	0.000930484360550926	0.000930487377298786
0.901	0.00081820559050208	0.000818214139843877	0.000818197969067958	0.000818216299067924	0.00081822069728696	0.000818223572754035
0.9035	0.000711351170295247	0.000711358553094296	0.000711344768591324	0.000711361062715301	0.000711365403289157	0.000711368145870188
0.906	0.000611271560629066	0.000611277972129927	0.000611266356962339	0.000611280792786453	0.000611285035097929	0.000611287654095671
0.9085	0.000519193509552151	0.000519199146255605	0.000519189462260569	0.000519202238928747	0.00051920634650665	0.000519208853198342
0.911	0.000436268865512805	0.000436273920005934	0.000436265912691885	0.000436277244296889	0.000436281187101103	0.000436283594857129
0.9135	0.000363444222867033	0.000363448881213103	0.000363442284959197	0.000363452394165023	0.000363456151085794	0.000363458473784075
0.916	0.000301435422639852	0.000301439859636926	0.000301434402881116	0.000301443518519538	0.00030144707576187	0.000301449326606574
0.9185	0.000250691557904791	0.000250695932083925	0.00025069134266702	0.000250699696151013	0.000250703047050056	0.000250705238165717
0.921	0.000211630630883252	0.000211635083644931	0.00021163108969703	0.000211638914124219	0.000211642059655224	0.00021164420212279
0.9235	0.000184645676202611	0.000184650332066442	0.000184646662299225	0.00018465419262343	0.000184657140367961	0.000184659244566973
0.926	0.000169992915211414	0.000169997883143607	0.000169994268498925	0.000170001742270601	0.000170004501033349	0.000170006578424256
0.9285	0.000167767895433501	0.000167773269291073	0.000167769446439673	0.000167777099950744	0.000167779679940391	0.000167781743033884
0.931	0.000177917915429997	0.000177923775441203	0.000177919491249866	0.000177927555365718	0.000177929969421731	0.000177932030395894
0.9335	0.000200292516740869	0.000200298931343233	0.000200293945677542	0.000200302643927772	0.000200304907489545	0.000200306977050872
0.936	0.000234184458894697	0.000234191485033631	0.000234185576231449	0.000234195120589879	0.000234197249672156	0.00023419933646403
0.9385	0.000278140245940585	0.000278147929243148	0.00027814090109612	0.000278151486749218	0.00027815349496924	0.000278155604882823
0.941	0.000330648693530605	0.000330657067108271	0.000330648749689383	0.000330660555783932	0.000330662452536884	0.000330664588635428
0.9435	0.000390146037841757	0.000390155121179033	0.000390145371850998	0.000390158560876369	0.000390160349379401	0.000390162511960494
0.946	0.000454935660996417	0.000454945465076499	0.00045493416992256	0.000454948877931842	0.000454950557281687	0.000454952744691969
0.9485	0.000523292796509863	0.000523303325861832	0.000523290400014837	0.000523306733840343	0.000523308299029187	0.000523310507600796
0.951	0.00059349160196616	0.0005935028546617	0.000593488242353301	0.00059350627952797	0.000593507721444517	0.000593509945428671
0.9535	0.000663731930837866	0.000663743895985098	0.00066372757378457	0.000663747356791755	0.000663748665448537	0.000663750897177788
0.956	0.000732091322666799	0.000732103975839839	0.000732085958228806	0.000732107484609661	0.000732108654614881	0.000732110884861606
0.9585	0.000796714669874827	0.000796727972266246	0.00079670831051014	0.000796731534563988	0.00079673256366193	0.000796734782103767
0.961	0.000855832633140958	0.000855846532022037	0.000855825312523838	0.000855850147055583	0.000855851034939427	0.000855853230406624
0.9635	0.000907778009345278	0.000907792438789561	0.000907769781792934	0.000907796099554204	0.000907796847355658	0.000907799008023593
0.966	0.000951623221604149	0.000951638105496405	0.000951614156506304	0.000951641798808369	0.000951642409209742	0.000951644523945149
0.9685	0.000986926514542859	0.000986941768720857	0.000986916692785944	0.000986945475021313	0.000986945952521293	0.000986948011816016
0.971	0.00101332781444208	0.00101334334993404	0.00101331732933741	0.00101334703984482	0.00101334739354199	0.00101334939050622
0.9735	0.00103062843527533	0.0010306441603145	0.00103061739163416	0.00103064779490233	0.00103064804012326	0.00103064997085093
0.976	0.0010388973095442	0.00103891312829297	0.00103888581853053	0.00103891666672435	0.00103891682348887	0.00103891868605898
0.9785	0.00103826385822322	0.00103827967098638	0.00103825203630776	0.00103828307192073	0.0010382831644425	0.00103828495911708
0.981	0.00102886823421074	0.00102888393766539	0.00102885620305609	0.00102888715939639	0.00102888721593708	0.00102888894516453
0.9835	0.0010111205521926	0.00101113604483744	0.00101110843571993	0.0010111390489623	0.00101113909843456	0.00101114076629369
0.986	0.000985735440742225	0.000985750628947203	0.000985723361629116	0.000985753384015292	0.000985753452576	0.000985755064401135
0.9885	0.00095350323336816	0.0009535180317121	0.000953491310755765	0.000953520512597543	0.000953520624415529	0.000953522187597993
0.991	0.000915270083582483	0.000915284412939287	0.000915258429304696	0.000915286601301232	0.000915286778517635	0.000915288303324715
0.9935	0.000871886778580428	0.000871900566152303	0.000871875495950595	0.00087190245043653	0.000871902713156715	0.000871904212711161
0.996	0.000824092608763206	0.000824105792695878	0.000824081793570444	0.000824107366510386	0.000824107734280522	0.000824109222061937
0.9985	0.000772573183747525	0.000772585715319294	0.00077256292463593	0.00077258697689085	0.000772587469216963	0.000772588957797197
