# Energy dP/dE
9.53674272205205e-07	0.00589251415869119
3.81469736503441e-06	0.0120305218585662
8.58306886416722e-06	0.0186446702497522
1.52587889077104e-05	0.0259371577664331
2.3841858186198e-05	0.0340704730640305
3.43322754566689e-05	0.0431593520938314
4.67300412715501e-05	0.0532664877960502
6.10351512114245e-05	0.0644021361333966
7.72476148056605e-05	0.0765274195280596
9.53674272205205e-05	0.0895606940893409
0.000115394588456005	0.103386221907089
0.000137329098512113	0.11786410356161
0.000161170957388845	0.132840519985697
0.0001869201650862	0.148157420518489
0.00021457672160418	0.163661026831706
0.000244140626942785	0.17920890468842
0.000275611881102013	0.194675618587988
0.000308990484081864	0.209957348124064
0.00034427643588234	0.224976020830684
0.000381469736503441	0.239683456076876
0.000420570385945165	0.254065903808563
0.000461578384207513	0.268148890992406
0.000504493699525922	0.282001706042695
0.00054931639404845	0.295740272797382
0.000596046437391602	0.309526381993707
0.000644683829555378	0.323561105519793
0.000695228570539778	0.338069995661235
0.000747680660344802	0.353278263305245
0.00080204009897045	0.369375205359354
0.000858306886416722	0.386468844265156
0.000916481022683618	0.404533931618404
0.000976562507771138	0.423358730648523
0.00103855134167928	0.442498328387092
0.00110244752440805	0.461243737862156
0.00116825105595744	0.47861661344049
0.00123596193632746	0.493398415252634
0.00130558011441858	0.504200141599117
0.00137710569104878	0.509574218782685
0.0014505386164996	0.508164153185226
0.00152587889077104	0.498880702722572
0.00160312651386311	0.481086639724776
0.0016822814857758	0.454766527829509
0.00176334380650912	0.420655123600215
0.00184631347606306	0.380298503011118
0.00193119049443762	0.336026800551098
0.00201797486163281	0.290826811234163
0.00210666657764862	0.248115337603978
0.00219726564248506	0.211429354462526
0.00228977205614212	0.184064024885902
0.0023841858186198	0.168702116880637
0.00248050692991811	0.167085292913525
0.00257873531822151	0.179777853635156
0.00267887112578	0.2060643492605
0.00278091428215911	0.244005570816709
0.00288486478735885	0.290654082801622
0.00299072264137921	0.342403869227903
0.00309848784422019	0.395424496769861
0.0032081603958818	0.44611201479879
0.00331974029636403	0.491482509751142
0.00343322754566689	0.529441120592672
0.00354862214379037	0.558880760458894
0.00366592409073447	0.57959719299657
0.0037851333864992	0.592045334919632
0.00390625003108455	0.596997485614914
0.00402927402449053	0.595189774441346
0.00415420536671713	0.58705076361614
0.0042810439652328	0.572592325504807
0.00440979000371958	0.551507536790949
0.00454044339102699	0.523469873416686
0.00467300412715501	0.488572247265664
0.00480747221210366	0.447796606185731
0.00494384764587294	0.403379013222759
0.0050821305292808	0.358939622211816
0.00522232086647045	0.319286775638592
0.00536441752220405	0.289873304734843
0.0055084225542728	0.275968636612548
0.00565433494068645	0.281691368667105
0.005802154681445	0.30910454412531
0.00595188177654845	0.357588339795619
0.00610351512114245	0.42366555162569
0.006257056911125	0.5013673740139
0.00641250605545245	0.583104784529202
0.0065698625541248	0.660887687026336
0.00672912640714205	0.727636741115405
0.00689029644059645	0.778294677301806
0.0070533749884928	0.810479961402496
0.00721836089073405	0.824530793265696
0.0073852541473202	0.82294461871574
0.00755405475825125	0.809378801762665
0.00772476148056605	0.787504392969153
0.0078973767863762	0.760052112903438
0.00807189944653125	0.7283366163546
0.0082483294610312	0.692405610904984
0.00842666682987605	0.651761463491579
0.00860691024105125	0.6064110026768
0.0087890623047752	0.557870704417488
0.00897312172284405	0.509737983976833
0.0091590884952578	0.467553216929216
0.00934696262201645	0.437890743479485
0.00953674272205205	0.426874166725568
0.0097284315436898	0.438525672542648
0.00992202771967245	0.473455909576668
0.01011753125	0.528338250025
0.0103149406983618	0.596392183789848
0.0105142589235684	0.668792129740981
0.01071548450312	0.7366148624592
0.0109186174370165	0.792749730622584
0.0111236577252578	0.833192438593412
0.01133060386248	0.85734030953676
0.0115394588456004	0.867245093139718
0.0117502211830658	0.866142622334082
0.011962890874876	0.85683826413879
0.0121774679210312	0.84057434673736
0.0123939507471138	0.816818311460754
0.0126123424881481	0.784045589136017
0.0128326415835272	0.741182177454004
0.0130548480332513	0.68908409304243
0.0132789618373202	0.631380277971926
0.0135049813522632	0.57423329923824
0.0137329098512112	0.52499641780292
0.0139627457045042	0.490203901083324
0.014194488912142	0.473635674344298
0.0144281394741248	0.47520799500288
0.0146636956779282	0.49114149416238
0.01490116093479	0.515356059517588
0.0151405335459968	0.541542985929536
0.0153818135115484	0.565087237813869
0.015625000831445	0.58408027539423
0.0158700937241088	0.599065320124128
0.0161170957388845	0.61171859725578
0.016366005108005	0.62314577668014
0.0166168218314705	0.632642410528848
0.0168695440724604	0.637539643533422
0.017124175490805	0.63423161914731
0.0173807142634944	0.619896046028699
0.0176391603905288	0.594060393215592
0.017899513871908	0.559210847551803
0.0181617728017585	0.520088556605377
0.0184259409780168	0.481956330204036
0.0186920165086201	0.448637549445999
0.0189599993935682	0.421262922588728
0.0192298896328612	0.398324235375675
0.019501685251572	0.37698711936686
0.0197753901857442	0.354976591517898
0.0200510024742613	0.332051958737465
0.0203285221171232	0.310297295488488
0.0206079491143301	0.29307086039022
0.0208892814219012	0.28316766236148
0.0211725231139872	0.281173646926584
0.021457672160418	0.284896284804797
0.0217447285611938	0.29018578891378
0.0220336923163144	0.292718132051028
0.0223245613127461	0.28980281068839
0.0226173397627458	0.281283429238602
0.0229120255670905	0.269118432061234
0.02320861872578	0.2559649957222
0.0235071192388145	0.24362236614792
0.0238075249241064	0.232218930614015
0.02410984013202	0.22054123868544
0.0244140626942785	0.207200897878671
0.0247201926108818	0.191843168170803
0.0250282276445	0.1756128419595
0.0253381722559824	0.160594648661942
0.0256500242218098	0.148612421501738
0.0259637835419821	0.140179452020191
0.0262794502164992	0.13428130307975
0.0265970219389778	0.129118877686568
0.0269165033083741	0.123308963712583
0.0272378920321152	0.116748143114515
0.0275611881102013	0.110586484030277
0.0278863915426322	0.106364111055205
0.0282134999539712	0.104924927177382
0.0285425180812812	0.105854477984185
0.0288734435629362	0.107806537656495
0.029206276398936	0.109456226999254
0.0295410165892808	0.110388054941967
0.0298776616894802	0.111296986127117
0.030216216574704	0.113392978711709
0.0305566788142728	0.117478226437244
0.0308990484081864	0.123387885773617
0.031243325356445	0.130188986831081
0.0315895071455048	0.136945878559171
0.0319375987886424	0.143430417151057
0.032287597786125	0.150211559041005
0.0326395041379525	0.158060038149107
0.0329933178441248	0.167159354098606
0.033349036322045	0.176784714953488
0.0337066647230965	0.185751355840898
0.0340662004784928	0.193316157547046
0.034427643588234	0.199829837132133
0.0347909940523202	0.206598815473517
0.0351562492191008	0.215015882122227
0.0355234143780661	0.225591700017665
0.0358924868913762	0.237609226204781
0.0362634667590313	0.249651928280433
0.0366363512741381	0.260590863618523
0.0370111458366722	0.270281250622528
0.0373878477535512	0.27947460101828
0.0377664570247752	0.289082228879724
0.0381469736503441	0.29941663641436
0.0385293948543112	0.310002576211575
0.0389137261747592	0.320044963234368
0.0392999648495521	0.329102929719522
0.0396881108786898	0.33739559684979
0.0400781642621724	0.34552881757241
0.040470122155	0.353941970909157
0.0408639902333618	0.362584349215194
0.0412597656660685	0.371077980528324
0.04165744845312	0.37916554647456
0.0420570385945164	0.386997538980302
0.0424585331762045	0.394990745547105
0.04286193801248	0.40339902313656
0.0432672502031004	0.41199536760609
0.0436744697480658	0.420142997117508
0.0440835966473761	0.427172379307598
0.0444946279179244	0.432726295808898
0.0449075695121138	0.436809192326242
0.0453224184606481	0.439577321864846
0.0457391747635272	0.441128590789956
0.0461578384207512	0.44150116820423
0.04657840638016	0.440850586424688
0.0470008847322632	0.439606435592168
0.0474252704387113	0.43846134706192
0.0478515634995042	0.438230289584124
0.0482797608072392	0.439720894943084
0.0487098685629113	0.443687334482565
0.0491418836729282	0.45080691813619
0.04957580613729	0.461594100125847
0.0500116359559968	0.4762683355338
0.0504493699525922	0.494688646292324
0.0508890144661781	0.51641966903715
0.0513305663341088	0.540859449070048
0.0517740255563845	0.567302702112014
0.052219392133005	0.5949140969829
0.0526666628184608	0.622728941445496
0.0531158440899604	0.649792370830914
0.053566932715805	0.67538184375982
0.0540199286959945	0.699125859967766
0.0544748320305288	0.720910268073864
0.054931639404845	0.74069220164926
0.0553903574342585	0.758456252275041
0.0558509828180168	0.774395889969088
0.05631351555612	0.789144326751166
0.0567779556485682	0.803809617306936
0.0572442997117448	0.81977869023314
0.0577125544990721	0.838492244799723
0.0581827166407442	0.86136978069721
0.0586547861367613	0.88981369460309
0.0591287629871232	0.925076577819744
0.0596046437391602	0.9679542520951
0.0600824352844012	1.01855714391837
0.0605621341839872	1.07641383599373
0.0610437404379181	1.14080613596114
0.0615272505382813	1.21093128976262
0.0620126714870912	1.28566777605019
0.0624999997902461	1.36323080760861
0.0629892354477458	1.44124392231998
0.0634803784595905	1.51735600198865
0.063973425248814	1.58990800998843
0.0644683829555378	1.65804163366649
0.0649652480166065	1.72122680603586
0.06546402043202	1.7788120554358
0.0659647002017784	1.83012892526618
0.0664672836798625	1.87500717194598
0.0669717781445	1.9141102675092
0.0674781799634824	1.94880265368385
0.0679864891368098	1.98086902372366
0.0684967056644821	2.01248413257284
0.0690088258314265	2.04629633328102
0.0695228570539778	2.08513693184936
0.0700387956308741	2.13128014940028
0.0705566415621152	2.1858557489305
0.0710763948477012	2.24896812315192
0.071598051703506	2.32022927428028
0.0721216196839712	2.39885337332715
0.0726470950187812	2.4830316322911
0.0731744777079362	2.56937763398954
0.073703767751436	2.65336745974114
0.0742349612961013	2.73059973304848
0.0747680660344802	2.79771632675946
0.075303078127204	2.85226629984762
0.0758399975742728	2.89212459250436
0.0763788204672642	2.91553217427152
0.0769195546092121	2.92181229148275
0.0774621961055048	2.91174741183531
0.0780067449561425	2.88700921713059
0.078553201161125	2.84935950182015
0.0791015607429768	2.800681412371
0.0796518316428384	2.74368104795182
0.080204009897045	2.68201332620291
0.0807580955055965	2.61926405572089
0.0813140884684928	2.55780794194886
0.081871984739205	2.49882751977201
0.0824317923969805	2.44324233766316
0.0829935074091008	2.39206439858483
0.083557129775566	2.34553259794727
0.0841226594963762	2.30215982520223
0.0846900924559488	2.25906651471221
0.085259436871638	2.21332385503354
0.0858306886416722	2.16279228265259
0.0864038477660512	2.10579189781104
0.0869789142447752	2.04057731351455
0.0875558838932082	1.96569487978873
0.0881347650668112	1.88085902465352
0.0887155535947592	1.78717421019711
0.0892982494770521	1.68645583947301
0.0898828527136898	1.58059006713011
0.0904693590509832	1.47160486937767
0.0910577769825001	1.3619553950604
0.0916481022683618	1.25425904690258
0.0922403349085684	1.15064160656593
0.092834470594188	1.05246695801156
0.0934305179292738	0.960641488583238
0.0940284726187045	0.875892482153035
0.09462833466248	0.79860362809152
0.0952301040606004	0.728546552426853
0.0958337764350805	0.664984839594517
0.09643936052808	0.6070463401488
0.0970468519754244	0.553922525511509
0.0976562507771138	0.504800969835508
0.0982675569331481	0.458824345700427
0.0988807659964885	0.415235937158662
0.0994958868474018	0.373545412931473
0.10011291505266	0.33354162921865
0.100731850612263	0.295208896935867
0.101352693526211	0.25867042094614
0.101975439278412	0.224164184221688
0.102600096887239	0.192000849748268
0.103226661850411	0.162504813748833
0.103855134167928	0.13596137450137
0.10448551383979	0.11257070816571
0.105117796280851	0.0924191418231185
0.105751990647592	0.0754860851350566
0.106388092368678	0.0616635094341021
0.107026101444109	0.0507543520433472
0.107666017873884	0.0424795404895246
0.108307837003806	0.0365374603434276
0.108951568128461	0.0326709006469747
0.10959720660746	0.0306644392961469
0.110244752440805	0.0303042351062528
0.110894200919053	0.0313947219617542
0.111545561447276	0.0338180472055361
0.112198829329845	0.0375337259779773
0.112854004566758	0.042512740071099
0.113511087158017	0.0487034032363312
0.114170072325125	0.0560470634249
0.114830969611262	0.0644632544391199
0.115493774251745	0.0738034155191616
0.116158486246572	0.0838649288872646
0.116825105595744	0.09445486191535
0.117493627451713	0.105378784764433
0.118164061495764	0.116355633479885
0.11883640289416	0.127027092797254
0.119510651646901	0.13710715581966
0.120186807753987	0.146470769433011
0.120864866298816	0.155044787016308
0.121544837100781	0.162674330780162
0.122226715257091	0.169185572716642
0.122910500767746	0.17455114331784
0.123596193632746	0.178891169916687
0.124283788866435	0.18229699242936
0.124973296426314	0.184731699851713
0.125664711340538	0.186117422527
0.126358033609106	0.18643212147046
0.12705326323202	0.185680449486808
0.12775039515457	0.183837128388237
0.128449439472362	0.180849968924802
0.1291503911445	0.17663380749102
0.129853250170982	0.171065146311491
0.130558011441858	0.164101885619531
0.13126468516322	0.15592048409532
0.131973266238926	0.146788903346092
0.132683754668978	0.136806994061705
0.133396150453374	0.125996495968311
0.13411044841311	0.11467680555638
0.134826658892386	0.103453927120285
0.135544776726006	0.0927356600303185
0.136264801913971	0.0825701297184912
0.136986734456281	0.07308734717976
0.137710569104878	0.0647312069917596
0.138436316342067	0.0578533108433536
0.139163970933601	0.0524232158954868
0.13989353287948	0.0483501572095874
0.140625002179704	0.0457559282226884
0.141358373517161	0.044740859707174
0.142093657512264	0.0452218984981902
0.142830848861712	0.0471667937646918
0.143569947565505	0.0506564319547938
0.144310953623642	0.05561729789075
0.14505386164996	0.0618460567584408
0.145798682402977	0.0693350819067328
0.146545410510338	0.0781837470576526
0.147294045972045	0.08818450232571
0.148044588788096	0.0988965891698909
0.148797033503274	0.110100341570686
0.149551391014205	0.121777971822244
0.15030765587948	0.133690871170507
0.151065828099101	0.14537032537758
0.151825902162605	0.156511546339203
0.152587889077104	0.167061920110705
0.153351783345949	0.176949159248498
0.154117584969138	0.185992921435304
0.154885293946672	0.194087300833453
0.155654904699037	0.201282739527036
0.15642642837145	0.2076745676379
0.157199859398208	0.213326133686233
0.157975197779311	0.218305162252021
0.158752443514759	0.222707737870282
0.159531590955984	0.226631481411829
0.160312651386311	0.230176422134205
0.161095619170983	0.233463495205112
0.16188049431	0.236618401171504
0.162667276803362	0.239789446758521
0.163455960933447	0.243199715291786
0.164246558121688	0.24708435043892
0.165039062664274	0.251625677086542
0.165833474561204	0.257111540887601
0.16662979381248	0.263972045949312
0.167428014631426	0.27241667614063
0.16822814857758	0.282383477130325
0.16903018987808	0.294071084923112
0.169834138532924	0.307882161950984
0.170639994542114	0.323654451093118
0.17144775204992	0.34084263225624
0.172257422753988	0.359457041697802
0.173069000812402	0.379712435162241
0.17388248622516	0.401078985479383
0.174697873081292	0.422891124418472
0.17551517318893	0.445195498147094
0.176334380650912	0.467976729424552
0.177155495467239	0.49066812832264
0.177978517637911	0.513026083652706
0.178803441182904	0.535125231319682
0.179630278048455	0.556603551017594
0.180459022268351	0.577247940095461
0.181289673842592	0.597381877399407
0.182122232771178	0.616772712734113
0.182956693005031	0.634847477613925
0.183793066628496	0.65204361837894
0.184631347606306	0.668828704545072
0.185471535938461	0.6844194936726
0.18631363162496	0.69843740533307
0.187157628547674	0.711679157136773
0.188003538929053	0.723990311868504
0.188851356664776	0.73422933982962
0.189701081754845	0.7423985773514
0.190552714199258	0.748885111102193
0.191406247810832	0.752820204980316
0.192261694950125	0.75346374137545
0.193119049443762	0.751116258613269
0.193978311291745	0.745675255873296
0.194839480494072	0.736634800843305
0.195702550794506	0.724227393954045
0.196567534691713	0.708882768635272
0.197434425943264	0.69074315739294
0.19830322454916	0.670246953010346
0.199173924197921	0.647907418824552
0.200046537498696	0.62404332717072
0.200921058153816	0.599208941507817
0.201797486163281	0.573775146972225
0.202675821527091	0.547644627711734
0.203556057864712	0.521095088126039
0.204438207923401	0.494494444286883
0.205322265336435	0.467464937934198
0.206208230103814	0.439804269557085
0.207096102225538	0.411937938545617
0.207985875252019	0.383790116260454
0.208877562068622	0.355012432313753
0.20977115623957	0.325942515750053
0.210666657764862	0.296934670238397
0.2115640666445	0.26792205036593
0.212463376359842	0.239135717658784
0.213364599934358	0.211030401572263
0.21426773086322	0.183822467201288
0.215172769146426	0.157746971862586
0.216079714783978	0.133147427809717
0.21698856118818	0.110280428419086
0.21789932152061	0.0893740290801351
0.218811989207386	0.0706385759925544
0.219726564248506	0.0542254122506357
0.220643046643971	0.040246699601257
0.221561429737034	0.0287383095071833
0.222481726827378	0.0197071920061348
0.223403931272067	0.0131273663795058
0.224328043071101	0.0088763002079895
0.22525405551249	0.00684845694031518
0.226181982006403	0.00692480043117
0.227111815854661	0.00891017414949575
0.228043557057264	0.0126798405776546
0.228977205614212	0.0180343833340387
0.229912754744461	0.0246647485176285
0.230850217996288	0.0324377771196854
0.23178958860246	0.0410901360722073
0.232730866562977	0.0501143014437405
0.233674051877838	0.0592803993028965
0.234619137696948	0.0683324066105526
0.235566137706689	0.0767111274323064
0.236515045070774	0.0841380441164592
0.237465859789205	0.09043450279424
0.23841858186198	0.0952605284187606
0.23937320436995	0.0985367126480474
0.240329741137605	0.100171878421923
0.241288185259604	0.10007449843303
0.242248536735949	0.0985453571642944
0.243210795566638	0.0955924546047924
0.244174954763468	0.0911580634214831
0.245141028289037	0.0858433801652928
0.24610900916895	0.0798214064957587
0.247078897403208	0.0729313185647288
0.248050692991811	0.0658355522595225
0.249024388877502	0.0588962791413647
0.249999999160984	0.0519173410793702
0.250977516798811	0.0454315318680633
0.251956941790983	0.0398784582307889
0.252938267025	0.0351294067959283
0.253921506712051	0.0315250780732764
0.254906653753447	0.0293972855842764
0.255893708149188	0.028660699362103
0.256882669899274	0.0294597847737756
0.257873531822151	0.0318911498669868
0.258866308267116	0.0358040091647501
0.259860992066426	0.0411396263349188
0.26085758322008	0.0477638733285177
0.26185608172808	0.055431968556244
0.262856480339818	0.0639273215603777
0.263858793542696	0.0730133216295168
0.26486301409992	0.08246574400716
0.265869142011488	0.0920441376767624
0.266877177277402	0.101556888328942
0.267887112578	0.11091125062524
0.268898962538792	0.11995421091838
0.26991271985393	0.128585954693705
0.270928384523412	0.136819161366464
0.271945956547239	0.144596739738869
0.272965428536698	0.151887690357908
0.273986815255404	0.158737839156754
0.275010109328455	0.165168903093743
0.276035310755851	0.17122970175664
0.277062419537592	0.176999368277383
0.278091428215911	0.182576684004022
0.279122351692531	0.18810010162505
0.280155182523496	0.193692316759551
0.281189920708806	0.199472128940963
0.282226566248461	0.205584386910346
0.28326511161564	0.212131963989835
0.284305571850174	0.219146373222487
0.285347939439053	0.226661229651686
0.286392214382276	0.234685403811646
0.287438389097782	0.243120568016778
0.288486478735885	0.251868352051994
0.289536475728332	0.260845344381091
0.290588380075125	0.269890270963335
0.291642191776262	0.278854321480058
0.292697903180628	0.28761478842777
0.293755529576645	0.29604331866297
0.294815063327006	0.304020675785594
0.295876504431713	0.31141902154217
0.296939852890764	0.318187406204713
0.29800510098399	0.324251535616899
0.299072264137921	0.32948381413282
0.300141334646196	0.333905964204576
0.301212312508816	0.337465295335478
0.302285197725781	0.34004407426645
0.303359982507868	0.341715928046639
0.304436682419712	0.342427336490874
0.305515289685901	0.342087174455179
0.306595804306435	0.340788587326236
0.307678226281314	0.33846033015184
0.308762547752261	0.335037650010606
0.309848784422019	0.330588790033406
0.310936928446122	0.325015901916367
0.31202697982457	0.318268626486224
0.313118938557363	0.310369113260162
0.31421279671717	0.301220557015787
0.315308570144842	0.290805164357545
0.316406250926858	0.279144523204663
0.31750583906322	0.266220902928006
0.318607326571354	0.25210923194116
0.319710729402594	0.236918867497375
0.32081603958818	0.220781677022072
0.32192325712811	0.203900214105007
0.323032382022386	0.18650073143626
0.32414340621938	0.168832081796444
0.325256345808534	0.151157422126083
0.326371192752034	0.13373211423388
0.327487947049878	0.116795655880089
0.328606608702067	0.100558322106523
0.329727169587922	0.085204685675414
0.33084964593499	0.0708900964059156
0.331974029636403	0.0577443994985139
0.333100320692161	0.0458819483570518
0.334228519102264	0.0354017684713588
0.335358616676979	0.0263909332106846
0.336490629781961	0.0189212401021146
0.337624550241288	0.0130426914118446
0.33876037805496	0.00877616267477635
0.339898113222977	0.00610202432160302
0.341037747486552	0.00495247587310771
0.342179297349448	0.00520914937140131
0.343322754566689	0.00670594538738395
0.344468119138274	0.00922871973006401
0.345615391064205	0.0125300706116913
0.346764562016641	0.016356418283974
0.34791564863745	0.0204320641039359
0.349068642612605	0.0244982676335887
0.350223543942104	0.0283429754880327
0.351380344242866	0.0317417254550422
0.352539060267245	0.0345473402286572
0.353699683645968	0.0366661019609613
0.354862214379037	0.0379939095714883
0.35602665246645	0.0385500477387798
0.357192989456072	0.0383558721018891
0.358361242238365	0.037459780992864
0.359531402375002	0.0360103255994433
0.360703469865984	0.0341076618329422
0.361877444711311	0.0319319305033507
0.363053318389794	0.0296506908907778
0.36423110793	0.0274157687410684
0.365410804824551	0.0254393194680165
0.366592409073447	0.0238131890023356
0.367775920676688	0.0227167785400359
0.368961331044031	0.022258077694937
0.370148657342151	0.0224454185345943
0.371337890994616	0.0234224466191313
0.372529032001426	0.0251163561184967
0.37372208036258	0.0274987011455497
0.374917027418784	0.0305879600202848
0.376113890474818	0.0341827660349322
0.377312660885196	0.0382476403418542
0.37851333864992	0.042660674318084
0.379715923768988	0.0472324215430204
0.380920407514052	0.0519150564017685
0.382126807328	0.056553650236496
0.383335114496292	0.0610554747531953
0.38454532901893	0.0653667750177551
0.38575744211232	0.0694165642011888
0.386971471329836	0.073181875278919
0.388187407901698	0.0766530760779861
0.389405251827904	0.0798417801000803
0.390625003108455	0.0827755305707406
0.391846652890706	0.0854912554739759
0.393070218866136	0.0880376732944249
0.394295692195911	0.0904917746677612
0.395523072880031	0.092845933184235
0.396752360918496	0.0952214321108566
0.397983547389607	0.0976042681201812
0.399216650122951	0.099972946486622
0.40045166021064	0.102468284398768
0.401688577652674	0.104874251413074
0.402927402449053	0.107323906091274
0.404168125609024	0.10973115060901
0.405410765100282	0.111929778398386
0.406655311945885	0.114091065641909
0.407901766145832	0.115922548761524
0.409150127700125	0.11753032523337
0.410400387548957	0.118847535499222
0.411652563798128	0.119762144347571
0.412906647401645	0.120373039484116
0.414162638359506	0.120565706730973
0.415420536671713	0.120394995640447
0.416680333209405	0.11981819143539
0.41794204621649	0.118901443427506
0.419205666577921	0.117544440056518
0.420471194293696	0.115867939400127
0.421738620179714	0.113789247531372
0.423007962590369	0.111282828743442
0.424279212355368	0.108477481518677
0.425552369474712	0.105127116425909
0.426827433948401	0.101472773292604
0.42810439652328	0.0973176251844587
0.429383275691848	0.0927307921733826
0.430664062214761	0.0877946412761293
0.431946756092019	0.0823774030683406
0.433231357323622	0.0767232158495529
0.434517856587361	0.0707328191229225
0.435806272513843	0.0645818969447673
0.43709659579467	0.0583361618192885
0.438388826429842	0.0520577498250578
0.439682964419359	0.0458945013651839
0.440979000371958	0.0398843267865907
0.442276953056354	0.0341399150691522
0.443576813095095	0.0287227650035321
0.44487858048818	0.0237049278701788
0.44618225523561	0.0191278315584831
0.44748782787707	0.0150645237789769
0.44879531731938	0.0115520680547406
0.450104714116034	0.0085960513896885
0.451416018267034	0.00624496846353255
0.452729229772378	0.00449746763639316
0.454044339102698	0.00334272014784308
0.455361365302922	0.00275349412487276
0.45668029885749	0.00268133121910313
0.458001139766403	0.00306541484791458
0.45932387844505	0.00381654510319191
0.460648534048842	0.00485651382190544
0.461975097006979	0.00604581048584309
0.463303567319461	0.00732753644802826
0.464633944986288	0.00855583341190014
0.465966220353795	0.00969123975950104
0.467300412715501	0.0106500264721998
0.468636512431552	0.0113852196788014
0.469974519501948	0.0118942027664975
0.471314433926689	0.0121456133064899
0.472656245983056	0.0121865366627129
0.473999975102676	0.0120375218815156
0.475345611576641	0.01176963493116
0.47669315540495	0.0114351293738552
0.478042606587605	0.0111237428398662
0.479393955332833	0.0108702950954764
0.480747221210366	0.010767693288019
0.482102394442245	0.0108210437495082
0.483459475028468	0.0110962059495576
0.484818462969037	0.0115863851154074
0.486179348403125	0.0123132249965725
0.487542151038572	0.0132644934646716
0.488906861028365	0.0144213537389242
0.490273478372502	0.0157625059329967
0.491642003070984	0.0172388171280762
0.493012425193933	0.0188243812880739
0.494384764587294	0.0204531701323144
0.495759011335	0.0221002127611092
0.497135165437051	0.0237040825058182
0.498513216908326	0.0252399327965457
0.499893185705256	0.0266705997421778