# Energy dP/dE
2.3841858186198e-07	0.015264276194471
9.53674272205205e-07	0.0322087034691647
2.14576721604181e-06	0.0522531230307165
3.81469736503441e-06	0.0763383900673191
5.96046437391602e-06	0.104784233308769
8.58306886416722e-06	0.137246041362815
1.16825105595744e-05	0.172776703388011
1.52587889077104e-05	0.209982544685802
1.93119049443762e-05	0.247246585840225
2.3841858186198e-05	0.282981214510363
2.88486478735885e-05	0.315867058446229
3.43322754566689e-05	0.345036980279716
4.02927402449053e-05	0.370172670085812
4.67300412715501e-05	0.391496330702316
5.36441752220405e-05	0.409657401866389
6.10351512114245e-05	0.425533119994609
6.89029644059645e-05	0.439977365974748
7.72476148056605e-05	0.453563639986714
8.60691024105125e-05	0.46637093083494
9.53674272205205e-05	0.477856978788018
0.000105142589235685	0.486850949693347
0.000115394588456005	0.491678628084697
0.000126123424881481	0.490411150961999
0.000137329098512113	0.481205356097375
0.000149011609347901	0.46268571982538
0.000161170957388845	0.434304717032128
0.000173807142634944	0.396617108160317
0.0001869201650862	0.351410588245439
0.000200510024742612	0.301654153628805
0.00021457672160418	0.251251439778935
0.000229120255670904	0.204617341108943
0.000244140626942785	0.166126735335889
0.000259637835419821	0.139509372909638
0.000275611881102013	0.127281177879669
0.00029206276398936	0.130304087376407
0.000308990484081864	0.147554334432976
0.000326395041379524	0.176152418945121
0.00034427643588234	0.211670401081809
0.000362634667590312	0.248688865819937
0.000381469736503441	0.28153373995699
0.000400781642621725	0.305089100527465
0.000420570385945165	0.315562734126401
0.00044083596647376	0.311081126747795
0.000461578384207513	0.292010799705218
0.000482797608072392	0.260942344728973
0.000504493699525922	0.222325191415252
0.000526666628184608	0.181799365525846
0.00054931639404845	0.145322815183679
0.000572442997117448	0.118231335950104
0.000596046437391602	0.104384866445673
0.000620126714870912	0.105544234138275
0.000644683829555378	0.12108708049989
0.000669717781445	0.14811591125964
0.000695228570539778	0.181944134868463
0.000721216196839712	0.216879521265618
0.000747680660344802	0.247171428099689
0.000774621961055048	0.26795801949728
0.00080204009897045	0.276049648609745
0.000829935074091008	0.27041429340137
0.000858306886416722	0.252285803037216
0.000887155535947592	0.224884985698556
0.000916481022683618	0.192813861973576
0.0009462833466248	0.161241099529752
0.000976562507771138	0.135030331231842
0.00100731850612263	0.117966680790103
0.00103855134167928	0.112210511646651
0.00107026101444109	0.118057430852315
0.00110244752440805	0.134021774962693
0.00113511087158017	0.157199988826572
0.00116825105595744	0.183823940440595
0.00120186807753987	0.209890354332656
0.00123596193632746	0.231754551246572
0.0012705326323202	0.246600972123104
0.00130558011441858	0.252740986441361
0.0013411044841311	0.249729188038805
0.00137710569104878	0.238321639362049
0.00141358373517161	0.220317019362017
0.0014505386164996	0.198321920267908
0.00148797033503274	0.175469289617257
0.00152587889077104	0.155102313821941
0.0015642642837145	0.140424856548979
0.00160312651386311	0.134120603343681
0.00164246558121688	0.137959176635097
0.0016822814857758	0.152433934648144
0.00172257422753988	0.176502951073548
0.00176334380650912	0.207518655245544
0.00180459022268351	0.241421818251017
0.00184631347606306	0.273236432586122
0.00188851356664776	0.297837144190235
0.00193119049443762	0.31088451199588
0.00197434425943264	0.309755318839016
0.00201797486163281	0.294258438567638
0.00206208230103814	0.266938619894486
0.00210666657764862	0.232836984088256
0.00215172769146426	0.19868893006932
0.00219726564248506	0.171674829955383
0.00224328043071101	0.157961351941855
0.00228977205614212	0.161348711365322
0.00233674051877838	0.182344004701021
0.0023841858186198	0.217904685507669
0.00243210795566638	0.261951788394348
0.00248050692991811	0.30657206627649
0.00252938267025	0.343656857711538
0.00257873531822151	0.366609565272862
0.00262856480339818	0.371726346856846
0.00267887112578	0.35892756508668
0.00272965428536698	0.331674475363869
0.00278091428215911	0.296106491733426
0.0028326511161564	0.259626319880959
0.00288486478735885	0.229290795136402
0.00293755529576645	0.21039879693285
0.00299072264137921	0.205596685598342
0.00304436682419712	0.214666999991998
0.00309848784422019	0.234975395041019
0.00315308570144842	0.262378763643583
0.0032081603958818	0.292295439463808
0.00326371192752034	0.320632551799298
0.00331974029636403	0.34435340896151
0.00337624550241288	0.361615797868587
0.00343322754566689	0.371567670929527
0.00349068642612605	0.373996458647381
0.00354862214379037	0.369054286129507
0.00360703469865984	0.357216078875847
0.00366592409073447	0.339496525168562
0.00372529032001426	0.317805017783164
0.0037851333864992	0.295214274120608
0.0038454532901893	0.275903566928357
0.00390625003108455	0.264626157919914
0.00396752360918496	0.265720594691466
0.00402927402449053	0.281879646786056
0.00409150127700125	0.31303884610579
0.00415420536671713	0.355785560390923
0.00421738620179714	0.403591308201752
0.0042810439652328	0.447949948246946
0.00434517856587361	0.480225572422607
0.00440979000371958	0.493764592915324
0.0044748782787707	0.485694328200015
0.00454044339102699	0.457870194813059
0.00460648534048842	0.41664643482449
0.00467300412715501	0.3714742058763
0.00473999975102676	0.332674788760001
0.00480747221210366	0.308985488471279
0.00487542151038573	0.305546418753671
0.00494384764587294	0.322863292040291
0.00501275111920245	0.356984546459346
0.0050821305292808	0.40076938700586
0.00515198677104005	0.44581534024798
0.00522232086647045	0.484457557115826
0.0052931307784968	0.511293813138804
0.00536441752220405	0.523900596021484
0.00543618214029845	0.522699607072253
0.0055084225542728	0.5102043906295
0.005581140856445	0.49002647779855
0.00565433494068645	0.466007762707845
0.0057280058566088	0.441702965220416
0.005802154681445	0.42022776383059
0.00587677926763445	0.404318374981255
0.00595188177654845	0.396378783804443
0.006027460033005	0.39834206767338
0.00610351512114245	0.411310198008193
0.00618004815272045	0.435083890021482
0.006257056911125	0.4677886528152
0.0063345436267808	0.505801476377288
0.00641250605545245	0.544093114393761
0.006490945315805	0.57697154337335
0.0065698625541248	0.599090389933168
0.00664925548474445	0.606517346018556
0.00672912640714205	0.597645517664263
0.0068094730080288	0.573757325131224
0.00689029644059645	0.539100265649505
0.00697159788565805	0.500388904651709
0.0070533749884928	0.4657284359376
0.0071356301176322	0.443071058514976
0.00721836089073405	0.438463825496232
0.0073015684955168	0.454488564621144
0.0073852541473202	0.489351842798178
0.00746941542237005	0.536995865842553
0.00755405475825125	0.588346296856955
0.0076391697035682	0.633451021095102
0.00772476148056605	0.663931064848803
0.00781083133911125	0.6750034019366
0.0078973767863762	0.66644842789621
0.0079844003289992	0.642256658119328
0.00807189944653125	0.6091612126545
0.0081598753957442	0.574648798432794
0.0082483294610312	0.545163943254796
0.00833725908051125	0.525042809444025
0.00842666682987605	0.516326938797873
0.0085165501196232	0.519214255458768
0.00860691024105125	0.5326999288436
0.00869774851308005	0.555016912093631
0.0087890623047752	0.583745800702232
0.0088808542608818	0.615747312209804
0.00897312172284405	0.647205672996822
0.0090658660164872	0.673993935001816
0.0091590884952578	0.692344388157686
0.00925278645916805	0.69959701390035
0.00934696262201645	0.694740445785111
0.0094416142561938	0.678580675189896
0.00953674272205205	0.653578865568714
0.00963234940756445	0.62352798979079
0.0097284315436898	0.593203411776998
0.00982499191328	0.56795804774768
0.00992202771967245	0.553090876567293
0.0100195403577458	0.552854865275384
0.01011753125	0.569211099
0.0102159975583405	0.6007518888893
0.0103149406983618	0.642371085818034
0.01041436211328	0.68608719257184
0.0105142589235684	0.722955305891808
0.0106146340225645	0.74546920681591
0.01071548450312	0.74956563937244
0.0108168118153564	0.735494118661863
0.0109186174370165	0.707330084707806
0.01102089841952	0.67150583015912
0.0111236577252578	0.635069788275296
0.0112268923780284	0.604301181700008
0.01133060386248	0.58392155804052
0.0114347936908818	0.57674832079689
0.0115394588456004	0.583504899758245
0.01164460235808	0.602676684061412
0.0117502211830658	0.630582230857748
0.0118563168397325	0.661935737821137
0.011962890874876	0.690970461396036
0.0120699402018098	0.712810064787646
0.0121774679210312	0.724520196600992
0.0122854709182321	0.725380629711199
0.0123939507471138	0.716365805321076
0.0125029089889992	0.699293770421328
0.0126123424881481	0.676257265026474
0.0127222544141112	0.649649749372305
0.0128326415835272	0.62255956695654
0.012943505584624	0.598944951446124
0.0130548480332513	0.583105614263355
0.0131666657046152	0.578483493260424
0.0132789618373202	0.58636852546006
0.0133917331789513	0.60523848277327
0.0135049813522632	0.631109106865044
0.0136187080076322	0.658669811984646
0.0137329098512112	0.682588293434005
0.0138475901906581	0.698448274938329
0.0139627457045042	0.703214029906966
0.0140783780500312	0.695495615141175
0.014194488912142	0.675881814513768
0.0143110749279362	0.647250492364784
0.0144281394741248	0.614625004440576
0.014545679160186	0.584201746096211
0.0146636956779282	0.561672762352932
0.0147821907467808	0.550529943941208
0.01490116093479	0.551187072587934
0.0150206096877204	0.561316301476513
0.0151405335459968	0.577071190615616
0.0152609342359541	0.594413680640997
0.0153818135115484	0.609901943810901
0.0155031678717728	0.620866223917064
0.015625000831445	0.62538342656476
0.0157473088619365	0.622451313244065
0.0158700937241088	0.612335454325056
0.015993357206445	0.59667135554727
0.0161170957388845	0.577978241965423
0.0162413129052985	0.558737270373335
0.016366005108005	0.54063378262306
0.0164911741423924	0.524498876376834
0.0166168218314705	0.510907784004567
0.016742944536125	0.5008102954391
0.0168695440724604	0.495526616767042
0.0169966222842025	0.4960101501682
0.017124175490805	0.50195787946017
0.0172522073866248	0.511514739514824
0.0173807142634944	0.52182162099353
0.017509697972045	0.52996655578126
0.0176391603905288	0.533656547332552
0.0177690977693464	0.531336467193981
0.017899513871908	0.522092542862313
0.0180304049209928	0.505846556742744
0.0181617728017585	0.483889992481485
0.018293619426984	0.459201662776431
0.0184259409780168	0.435918977238024
0.0185587412873202	0.417959342547786
0.0186920165086201	0.407561992842579
0.0188257685616008	0.404684435494872
0.0189599993935682	0.407538506040908
0.0190947051168161	0.413677899761607
0.0192298896328612	0.42076397753712
0.0193655490263762	0.42666761824545
0.019501685251572	0.429329817003691
0.0196383002902813	0.426998912037825
0.0197753901857442	0.41891250316272
0.0199129589085312	0.405819911911008
0.0200510024742613	0.389714782081385
0.0201895228716722	0.372848706970202
0.0203285221171232	0.356800123955472
0.0204679961848012	0.34232158356915
0.0206079491143301	0.329902669655097
0.0207483768522752	0.32028108354144
0.0208892814219012	0.31425390771222
0.021030664874094	0.311952071214259
0.0211725231139872	0.312369843830232
0.0213148602502578	0.313706656595508
0.021457672160418	0.314244586058021
0.0216009609022592	0.3129649861184
0.0217447285611938	0.309455439274426
0.0218889709733021	0.303458385083445
0.0220336923163144	0.294749109601545
0.0221788883986898	0.283534340398242
0.0223245613127461	0.270836070489617
0.0224707131784225	0.258241847388224
0.0226173397627458	0.247093849314006
0.0227644453125	0.23786063475
0.0229120255670905	0.230288357751732
0.0230600826533618	0.224096466793186
0.02320861872578	0.21940868451866
0.0233576294823185	0.216454829967387
0.0235071192388145	0.214944183434885
0.02365708366562	0.213890092132008
0.0238075249241064	0.212131876537889
0.0239584452032665	0.208995623461346
0.02410984013202	0.204418788681192
0.0242617140952578	0.19854362014124
0.0244140626942785	0.19140892739199
0.02456688812498	0.183168942529366
0.0247201926108818	0.174507081147056
0.0248739717118504	0.166570924700697
0.0250282276445	0.16029853736784
0.0251829626530658	0.155785052311304
0.0253381722559824	0.152373725948738
0.025493860948626	0.149364111173888
0.0256500242218098	0.146555483238314
0.0258066643266745	0.144098168120683
0.0259637835419821	0.141975531289694
0.0261213773171138	0.139829657399602
0.0262794502164992	0.137321518258422
0.0264379976618981	0.134494434431925
0.0265970219389778	0.131630854409227
0.0267565253610272	0.128804912784895
0.0269165033083741	0.125768640921293
0.0270769604145012	0.122367422856767
0.0272378920321152	0.118939740945648
0.02739930048141	0.116121915306416
0.0275611881102013	0.114233510193511
0.0277235502297632	0.112984842136054
0.0278863915426322	0.111864690357309
0.0280497073324613	0.110717852901777
0.0282134999539712	0.10981246440736
0.0283777717895042	0.10938555658217
0.0285425180812812	0.1093146674481
0.0287077436008921	0.109327344257521
0.0288734435629362	0.109391256014009
0.0290396203566613	0.109701234864599
0.029206276398936	0.110293466639247
0.0293734068629282	0.110882734845729
0.0295410165892808	0.111213265804808
0.02970910072354	0.111456909557183
0.0298776616894802	0.112072652201459
0.0300467019384968	0.113267969201382
0.030216216574704	0.114772945921924
0.0303862105077984	0.116232334780725
0.0305566788142728	0.117681871574518
0.0307276239524281	0.119472049789074
0.0308990484081864	0.121777577399424
0.0310709472166088	0.124388664616395
0.031243325356445	0.127042595401578
0.0314161778351344	0.129773497589642
0.0315895071455048	0.132768894426584
0.031763315808005	0.13598535642067
0.0319375987886424	0.139143748776639
0.0321123611352205	0.142139163178183
0.032287597786125	0.145240913242755
0.0324633112687104	0.148739766368628
0.0326395041379525	0.152532516850553
0.032816171290805	0.156266729998113
0.0329933178441248	0.159861460192856
0.0331709386672445	0.163652022323137
0.033349036322045	0.167941166785343
0.0335276133980288	0.172602308819098
0.0337066647230965	0.177293033283792
0.033886195483158	0.181930250284598
0.0340662004784928	0.186715027452838
0.0342466823055085	0.191710817194518
0.034427643588234	0.196663027612798
0.0346090790855168	0.201348619371968
0.0347909940523202	0.205894857803931
0.03497338321987	0.210549680784178
0.0351562492191008	0.215267788910227
0.0353395947085682	0.219797775655154
0.0355234143780661	0.224171259804708
0.0357077108792448	0.22881793633681
0.0358924868913762	0.234061725660904
0.0360777370628221	0.239711317693856
0.0362634667590313	0.245346114869968
0.0364496706007442	0.250857845589057
0.0366363512741381	0.256444060389123
0.0368235114930112	0.262122678960523
0.0370111458366722	0.267570659678552
0.0371992597396232	0.272539282659236
0.0373878477535512	0.27716842086956
0.0375769125991602	0.28171117713879
0.0377664570247752	0.286157461201884
0.0379564755406512	0.29039506787907
0.0381469736503441	0.294616900482289
0.0383379458364872	0.29922314588024
0.0385293948543112	0.30428493144606
0.0387213234866681	0.309409774447398
0.0389137261747592	0.314266511248436
0.0391066084911938	0.318981211464906
0.0392999648495521	0.323808195490619
0.0394937980395912	0.328628237809752
0.0396881108786898	0.333079710920022
0.039882897738996	0.337091049228228
0.0400781642621724	0.340957267897807
0.0402739047927458	0.344885851791866
0.040470122155	0.348788879490285
0.0406668192008404	0.352610398344537
0.0408639902333618	0.356535620571502
0.04106164096328	0.36066185012116
0.0412597656660685	0.364705070174274
0.0414583672005378	0.368316331249824
0.04165744845312	0.37153887152256
0.0418570036578565	0.374648901497521
0.0420570385945164	0.37763741170003
0.04225754746952	0.38021138025148
0.0424585331762045	0.382338217523835
0.0426599986355284	0.384447645960378
0.04286193801248	0.38696846522
0.0430643571558818	0.389946596030526
0.0432672502031004	0.393276108902881
0.043470620082	0.397018040976
0.0436744697480658	0.401216482383864
0.0438787932972324	0.40558802047468
0.0440835966473761	0.409694538296739
0.0442888738668098	0.413323421818624
0.0444946279179244	0.416424124821537
0.0447008617907321	0.418780915325274
0.0449075695121138	0.420120288370036
0.0451147570689992	0.420577816245532
0.0453224184606481	0.4207432305188
0.0455305566839778	0.421160471568432
0.0457391747635272	0.422053248013788
0.045948266657124	0.42361733312251
0.0461578384207512	0.42624014633563
0.0463678839846152	0.430191939058336
0.04657840638016	0.435295471913082
0.0467894086664513	0.441098737753725
0.0470008847322632	0.447192873739688
0.047212837629756	0.453166656569193
0.0474252704387113	0.458459384669315
0.0476381770064712	0.462573291463704
0.0478515634995042	0.465383057682744
0.0480654237375313	0.46704821567865
0.0482797608072392	0.467748456311992
0.0484945778229362	0.467765572471734
0.0487098685629113	0.467739842683455
0.048925639262686	0.468538376293731
0.0491418836729282	0.470824894109724
0.0493586049148513	0.47491904479699
0.04957580613729	0.480988561483672
0.0497934810494802	0.489071188322856
0.0500116359559968	0.498841939888992
0.050230264538454	0.509567525459167
0.0504493699525922	0.520366324099074
0.0506689553817728	0.530407030250448
0.0508890144661781	0.538928118610065
0.0511095535794365	0.54535926365865
0.0513305663341088	0.549579922992416
0.0515520559204621	0.551998946494985
0.0517740255563845	0.553383533197066
0.0519964688130048	0.55471270986432
0.052219392133005	0.5571284259351
0.0524427890598924	0.561769824022021
0.0526666628184608	0.569469090346424
0.052891016661125	0.5805415066808
0.0531158440899604	0.594759334243068
0.0533411516167024	0.61139760308646
0.053566932715805	0.62932407908725
0.0537931906465884	0.647195147276783
0.0540199286959945	0.663717313373933
0.054247140297045	0.67788843609609
0.0544748320305288	0.689188288111092
0.0547029973018465	0.697672926471666
0.054931639404845	0.70394234898869
0.0551607616609928	0.709056711050592
0.0553903574342585	0.714419671497399
0.055620433374484	0.721500882675609
0.0558509828180168	0.731459481997324
0.0560820090932304	0.744983837518096
0.05631351555612	0.762360868176988
0.0565454955016008	0.783410549531724
0.0567779556485682	0.807299758872054
0.0570108892643161	0.83268547644226
0.0572442997117448	0.85815685170768
0.0574781903813762	0.882445107662414
0.0577125544990721	0.904415070891348
0.0579473988527813	0.9232966430298
0.0581827166407442	0.938976566355684
0.0584185112603881	0.951886233740981
0.0586547861367613	0.96282545347759
0.0588915344266722	0.973139560348032
0.0591287629871232	0.984656739220896
0.0593664649473012	0.998997939010475
0.0596046437391602	1.01717009207231
0.0598433028222752	1.03990142787604
0.0600824352844012	1.0676447956755
0.0603220445782082	1.09987081578714
0.0605621341839872	1.13494662630016
0.0608026971480612	1.17094611469067
0.0610437404379181	1.20604779699183
0.0612852570722592	1.23832091586017
0.0615272505382813	1.26611783937087
0.0617697243508021	1.28883005266067
0.0620126714870912	1.30681103997434
0.0622560989836898	1.32106720629387
0.0624999997902461	1.33362891363476
0.0627443774284832	1.34740355566329
0.0629892354477458	1.36487938282308
0.06323456675625	1.38756926435723
0.0634803784595905	1.41670238765436
0.0637266634383618	1.45295122422314
0.063973425248814	1.49515518484788
0.0642206674748184	1.54062104741049
0.0644683829555378	1.58667699548415
0.06471657886562	1.63087699184014
0.0649652480166065	1.67054328074453
0.0652143939992738	1.70371300258269
0.06546402043202	1.73006362258856
0.0657141200849545	1.75031372593674
0.0659647002017784	1.76598985851392
0.06621575352498	1.78001176711392
0.0664672836798625	1.79575226493455
0.0667192943193504	1.81544107435838
0.0669717781445	1.8407256254438
0.0672247424680658	1.87344530125877
0.0674781799634824	1.91395655524245
0.06773209429058	1.96013943949322
0.0679864891368098	2.00936660688022
0.0682413571341745	2.05956093182515
0.0684967056644821	2.10787624249944
0.0687525273321138	2.15097300560999
0.0690088258314265	2.18694527063032
0.0692656048843981	2.21522403539269
0.0695228570539778	2.23578479071904
0.0697805897910272	2.25013664894298
0.0700387956308741	2.2612721494203
0.0702974783024018	2.2718116340073
0.0705566415621152	2.28429033671359
0.07081627790391	2.30235859566116
0.0710763948477012	2.32864752022385
0.0713369848597632	2.36277848724667
0.071598051703506	2.40348212974963
0.0718595991699612	2.4497865432827
0.0721216196839712	2.49871943785453
0.0723841208345042	2.54541462422886
0.0726470950187812	2.58611554062675
0.0729105460347392	2.61838633889866
0.0731744777079362	2.64007876972887
0.0734388823941613	2.65089503581517
0.073703767751436	2.65289506379168
0.0739691261079282	2.64869191873557
0.0742349612961013	2.64191610963033
0.07450127717604	2.63793867190657
0.0747680660344802	2.64077008245373
0.0750353317246013	2.65151752649244
0.075303078127204	2.67105719163126
0.0755712974875922	2.69969468019702
0.0758399975742728	2.73403965932447
0.076109170604928	2.76877120030874
0.0763788204672642	2.80007613178842
0.0766489510766088	2.82447046416863
0.0769195546092121	2.83813549246114
0.0771906389026345	2.8395750867967
0.0774621961055048	2.82968794829335
0.0777342301400561	2.8102156616553
0.0780067449561425	2.78483308264627
0.0782797326609608	2.75853693919891
0.078553201161125	2.7346237270683
0.0788271425362104	2.71558519678097
0.0791015607429768	2.70464876418752
0.079376459765805	2.70248845165479
0.0796518316428384	2.7061966431882
0.0799276843497445	2.71321954651714
0.080204009897045	2.72144346611694
0.0804808122760265	2.72657923029288
0.0807580955055965	2.72444586312929
0.081035851554845	2.71337412918704
0.0813140884684928	2.69244556892115
0.0815927981880085	2.66154469354757
0.081871984739205	2.6227634364906
0.0821516521755168	2.57867328117931
0.0824317923969805	2.53186335255875
0.08271241351737	2.48639994752544
0.0829935074091008	2.44552271119437
0.0832750781325124	2.40981568330887
0.083557129775566	2.37999325154844
0.0838396541692448	2.35677197909585
0.0841226594963762	2.33776447597549
0.084406137560322	2.31941930306383
0.0846900924559488	2.29969299250392
0.0849745283057442	2.27606690415751
0.085259436871638	2.24553535108582
0.0855448264055113	2.20718997272885
0.0858306886416722	2.16138504348192
0.0861170277095141	2.10883174845072
0.0864038477660512	2.05193519761455
0.0866911405041602	1.99361696998646
0.0869789142447752	1.93598732342899
0.0872671606531512	1.88179039783132
0.0875558838932082	1.83335075105077
0.0878450881564872	1.79041372183951
0.0881347650668112	1.75215342201937
0.0884249230141681	1.71812040514379
0.0887155535947592	1.68599692956256
0.0890066610070313	1.65271434387412
0.0892982494770521	1.616795364722
0.0895903105595912	1.57706045402031
0.0898828527136898	1.53228127195078
0.0901758674664961	1.48277220042818
0.0904693590509832	1.42976056305322
0.0907633317277458	1.37472801247222
0.0910577769825001	1.31987042059658
0.0913526990689352	1.2669218611776
0.0916481022683618	1.21676902281088
0.091943978025064	1.17066325778902
0.0922403349085684	1.12916445382226
0.0925371643355378	1.0911661558848
0.092834470594188	1.0556781033314
0.0931322580003564	1.02210602339639
0.0934305179292738	0.989000971092816
0.09372925901952	0.95491551315312
0.0940284726187045	0.919280825423393
0.0943281630495698	0.881877113837434
0.09462833466248	0.84287937069424
0.0949289787636125	0.802830572203905
0.0952301040606004	0.762328581377625
0.095531701832	0.7224083478892
0.0958337764350805	0.684163304678815
0.0961363322547324	0.64803247281532
0.09643936052808	0.61440966924036
0.0967428700318098	0.583669011194694
0.0970468519754244	0.555416951360216
0.09735131075072	0.52907413233792
0.0976562507771138	0.504308381572104
0.0979616632226765	0.480458782792887
0.0982675569331481	0.456826910447691
0.0985739230489778	0.433140931867822
0.0988807659964885	0.409239496811118
0.0991880902296241	0.385113559163302
0.0994958868474018	0.361020097238972
0.0998041647646152	0.337272042952325
0.10011291505266	0.314311866932102
0.100422142172386	0.292564804021378
0.100731850612263	0.272201848424519
0.101042031402256	0.253406288264099
0.101352693526211	0.236276572518387
0.101663827986471	0.220566597261605
0.101975439278412	0.206038256970273
0.102287531925031	0.192517073647885
0.102600096887239	0.179668678604771
0.102913143217936	0.167249724648725
0.103226661850411	0.155178693675119
0.103540657314567	0.14338211216562
0.103855134167928	0.131897589685577
0.104170083302351	0.120828929575011
0.10448551383979	0.110276268324037
0.10480141664448	0.100406947006108
0.105117796280851	0.0913135623698675
0.105434657340954	0.0830102331882969
0.105751990647592	0.0755665852643814
0.106069805391773	0.068953962515364
0.106388092368678	0.0630555179398158
0.106706856177264	0.0578342953078748
0.107026101444109	0.0532189345574448
0.107345818922962	0.0490949669626326
0.107666017873884	0.0454264900773806
0.107986689023005	0.0421830332197208
0.108307837003806	0.0393278466640717
0.108629466477392	0.0368665462742973
0.108951568128461	0.0348005553911184
0.10927414661121	0.0331370216389038
0.10959720660746	0.0318965324081246
0.109920738760477	0.031083535487005
0.110244752440805	0.0307053241671953
0.110569238264088	0.0307711755987982
0.110894200919053	0.0312835117949794
0.111219645122045	0.0322370821023641
0.111545561447276	0.0336166831518563
0.111871959334346	0.0354152001378843
0.112198829329845	0.0376057776536199
0.112526176157024	0.0401403472369984
0.112854004566758	0.0429881666534812
0.113182305064205	0.0460965230688118
0.113511087158017	0.0494070422991544
0.11384034132573	0.0528898080571452
0.114170072325125	0.05649747480661
0.114500284941601	0.0602202825808672
0.114830969611262	0.0640853427962293
0.115162135911816	0.0680841234512164
0.115493774251745	0.0722724511705236
0.115825889423354	0.076727555514022
0.116158486246572	0.0814368713309312
0.116491555088449	0.0864332044764708
0.116825105595744	0.0917371315072024
0.117159128107888	0.0972456542182848
0.117493627451713	0.102886301413412
0.117828608481672	0.108567286376486
0.118164061495764	0.114128294858319
0.118499996209801	0.119481367743166
0.11883640289416	0.124535876154284
0.1191732864102	0.129240635443248
0.119510651646901	0.133667870484461
0.119848488833208	0.137842959691445
0.120186807753987	0.141867278927398
0.120525598610561	0.145939834897737
0.120864866298816	0.150088734403465
0.121204615742259	0.154371383802918
0.121544837100781	0.15887660659585
0.121885540228302	0.163451232280697
0.122226715257091	0.16796600095679
0.122568367117561	0.172313328053811
0.122910500767746	0.176239453021468
0.123253106298483	0.179602544730586
0.123596193632746	0.18229808665408
0.12393975283375	0.184253646001699
0.124283788866435	0.185563927755298
0.124628306723362	0.18626628015878
0.124973296426314	0.186528382909526
0.125318767967318	0.186609606537631
0.125664711340538	0.186526626216198
0.126011131545438	0.186446679201771
0.126358033609106	0.186509483316919
0.126705407484274	0.186523999238577
0.12705326323202	0.186486720958316
0.127401590777454	0.186322758774052
0.12775039515457	0.185747636378944
0.12809968142498	0.184704151147398
0.128449439472362	0.183079656181545
0.12879967942685	0.180781278316366
0.1291503911445	0.17786106312777
0.12950157969383	0.174310314253181
0.129853250170982	0.17031600853245
0.13020539239058	0.165987195691772
0.130558011441858	0.161362834193852
0.130911112441674	0.156736704345218
0.13126468516322	0.152100791256988
0.131618739847114	0.147434822491728
0.131973266238926	0.142935980699727
0.13232826946242	0.138434908893804
0.132683754668978	0.133870762188923
0.133039711562738	0.129302956958406
0.133396150453374	0.124556858233953
0.133753061017402	0.119639953384622
0.13411044841311	0.11455293930097
0.13446831782641	0.109290218664675
0.134826658892386	0.103954675502122
0.135185481989763	0.098535983091596
0.135544776726006	0.0932010126512582
0.13590454829393	0.088039783842549
0.136264801913971	0.0830093407277856
0.136625527152162	0.078308093782208
0.136986734456281	0.0739090664605375
0.137348413364739	0.0697388630152448
0.137710569104878	0.0659241483265287
0.138073206931661	0.0623677513101885
0.138436316342067	0.0590389151213696
0.138799907852928	0.0560003573276692
0.139163970933601	0.053209163414407
0.139528510845955	0.0507138156580781
0.13989353287948	0.0485287875252336
0.140259026462101	0.0467000219146532
0.140625002179704	0.045292475939018
0.140991449432592	0.044251196163057
0.141358373517161	0.0436592571395333
0.141725779757428	0.043531702262863
0.142093657512264	0.04375994106314
0.142462017436609	0.0444379261338841
0.142830848861712	0.0455405588333615
0.143200157118496	0.0469741787639053
0.143569947565505	0.0488372433765446
0.143940209492556	0.0510939342118183
0.144310953623642	0.0537010392823082
0.144682169220961	0.056704604391864
0.14505386164996	0.0600721233486258
0.14542603630371	0.0637846190402232
0.145798682402977	0.0677812983275644
0.146171810740805	0.07208448342319
0.146545410510338	0.0766581258369537
0.146919487111553	0.08138043643893
0.147294045972045	0.08638085756664
0.147669076243526	0.0915560656310255
0.148044588788096	0.0968211274449569
0.148420572729845	0.102373207403883
0.148797033503274	0.108046353686806
0.149173976570508	0.113797595673244
0.149551391014205	0.119712806312525
0.149929287765517	0.125646492133896
0.15030765587948	0.131577400951348
0.150686500825125	0.13748517378
0.151065828099101	0.143322504297857
0.151445626715012	0.148968814763118
0.151825902162605	0.154463396152879
0.152206659959245	0.159893018955779
0.152587889077104	0.165044047289759
0.152969600557822	0.170044131315204
0.153351783345949	0.174951467703253
0.153734442965756	0.179645701936396
0.154117584969138	0.184277097768963
0.154501198259213	0.188718815396688
0.154885293946672	0.192930352418843
0.155269860907014	0.197056630290579
0.155654904699037	0.201025116608645
0.15604043090916	0.20466213171871
0.15642642837145	0.207973379844717
0.156812908265651	0.211133349241776
0.157199859398208	0.214001047801072
0.157587287362446	0.216623148480833
0.157975197779311	0.21911090244901
0.158363579413816	0.221343219947039
0.158752443514759	0.223487464302103
0.159141778819531	0.225511292222962
0.159531590955984	0.227397579716839
0.159921885579591	0.229244719271464
0.160312651386311	0.230968311429809
0.160703899693996	0.23260015087181
0.161095619170983	0.234119963514659
0.161487815479651	0.23560927713344
0.16188049431	0.237105192042949
0.162273644288935	0.238620246483604
0.162667276803362	0.240317454209574
0.163061380452564	0.242216982508357
0.163455960933447	0.244422577243558
0.163851023970538	0.246951692536624
0.164246558121688	0.249788205020632
0.164642574842856	0.253019077722912
0.165039062664274	0.256491259846814
0.165436027317372	0.260087572118615
0.165833474561204	0.263808813078811
0.16623139288457	0.267558157469068
0.16662979381248	0.271278303857856
0.167028665806112	0.275037766483358
0.167428014631426	0.278979395884561
0.167827846082	0.28326255800778
0.16822814857758	0.288019408462849
0.168628933712232	0.293435529497893
0.16903018987808	0.299656396503744
0.169431922875608	0.306725639527261
0.169834138532924	0.314632665614073
0.17023682520072	0.323263335022548
0.170639994542114	0.332405094218083
0.171043634880176	0.341779393582248
0.17144775204992	0.351224715029952
0.171852351913978	0.360527307589186
0.172257422753988	0.369550200664164
0.172662976302124	0.37832769245387
0.173069000812402	0.386928233767655
0.17347550215436	0.395596945043686
0.17388248622516	0.404525197384421
0.174289941237386	0.414041862948531
0.174697873081292	0.424319463200361
0.175106287674756	0.43546618491974
0.17551517318893	0.447574890357334
0.175924541466471	0.460390308905275
0.176334380650912	0.47379962587326
0.176744696667034	0.487418422844637
0.177155495467239	0.500900040877714
0.177566765153628	0.51397492477287
0.177978517637911	0.526356090198868
0.178390740994567	0.537953109984061
0.178803441182904	0.548759345406309
0.179216624189851	0.558970924035766
0.179630278048455	0.568726159820447
0.18004441473948	0.578481004470242
0.180459022268351	0.588398148166398
0.180874106628903	0.598776698281396
0.181289673842592	0.609841462525534
0.181705711873411	0.62140651760075
0.182122232771178	0.633586181732816
0.182539224472264	0.645925488792492
0.182956693005031	0.6581701193506
0.183374644425462	0.669948982615913
0.183793066628496	0.680822511684526
0.184211971733005	0.690569340468592
0.184631347606306	0.698994653224452
0.185051200311288	0.706093582309042
0.185471535938461	0.711954443953816
0.18589234231371	0.716976786820449
0.18631363162496	0.721301442232735
0.186735391670477	0.725553181543296
0.187157628547674	0.729909841229975
0.187580348381588	0.734642060102855
0.188003538929053	0.739994986041584
0.188427212447045	0.74563645014859
0.188851356664776	0.751617824099625
0.189275977714189	0.757341821820832
0.189701081754845	0.76247542656738
0.190126656474524	0.766557312589297
0.190552714199258	0.769178101661359
0.190979242589205	0.77012487520395
0.191406247810832	0.769358239255001
0.19183373605823	0.766986068324659
0.192261694950125	0.76331340183345
0.192690136881601	0.758868209303932
0.193119049443762	0.753919384576197
0.193548438837605	0.74917700202474
0.193978311291745	0.744687895601568
0.194408654355854	0.740784218114756
0.194839480494072	0.737359546629615
0.195270777228449	0.734088266751108
0.195702550794506	0.73076484953866
0.196134807455388	0.726736794888228
0.196567534691713	0.721735113845592
0.197000745036672	0.71531506424651
0.197434425943264	0.707346307068369
0.197868583681537	0.697793101662248
0.19830322454916	0.686910839207938
0.1987383359577	0.674938430886034
0.199173924197921	0.662432659817112
0.199609995588208	0.649722644639184
0.200046537498696	0.637229180804766
0.200483562573061	0.625236548557306
0.200921058153816	0.613691602130696
0.201359030566252	0.602677324355677
0.201797486163281	0.591760235906812
0.202236412245984	0.58078772599345
0.202675821527091	0.569293931413443
0.203115701280061	0.55701170736903
0.203556057864712	0.543744879283692
0.203996897668483	0.529392187284326
0.204438207923401	0.5140388541663
0.20488000141125	0.497903223156781
0.205322265336435	0.481249501360453
0.205765006093301	0.46444306703103
0.206208230103814	0.447785970425048
0.206651924530947	0.431497721708546
0.207096102225538	0.415791166711569
0.207540750322938	0.400592649961195
0.207985875252019	0.385939112265907
0.208431483469274	0.371570613241114
0.208877562068622	0.357361030745278
0.209324123969954	0.343077247066301
0.20977115623957	0.328559120185403
0.210218665340866	0.313732528292264
0.210666657764862	0.298560573207758
0.211115120536426	0.28312148211585
0.2115640666445	0.26754637041411
0.21201348308633	0.251983513909099
0.212463376359842	0.236632370627806
0.21291375299058	0.221633200606872
0.213364599934358	0.207107690696418
0.213815930249174	0.193140952970929
0.21426773086322	0.17972094602276
0.214720008308946	0.166867237413447
0.215172769146426	0.15449029593147
0.21562600026242	0.142562873451834
0.216079714783978	0.131014597079421
0.216533899570238	0.119817202974755
0.21698856118818	0.108968153186592
0.217443706232402	0.0984804765182976
0.21789932152061	0.0884013171671042
0.21835542024891	0.0787892187891368
0.218811989207386	0.0696920302038608
0.219269034997542	0.0611754582978528
0.219726564248506	0.0532636447148829
0.22018456370893	0.0459902292479791
0.220643046643971	0.0393555416580129
0.221101999774662	0.0333534873389543
0.221561429737034	0.0279737401307846
0.222021343194739	0.0231958955233824
0.222481726827378	0.0190100960047873
0.222942593969161	0.0154079171595531
0.223403931272067	0.0123845431697518
0.223865745406654	0.00994549429411839
0.224328043071101	0.00808914689859825
0.224790810875955	0.006815668411064
0.22525405551249	0.00611852211038889
0.225717783699601	0.00598141649526273
0.226181982006403	0.00638440876928714
0.226646663877592	0.00730069480006812
0.227111815854661	0.0086984822783196
0.227577444663411	0.0105522539129472
0.228043557057264	0.0128285536358675
0.228510139536281	0.0155047171526977
0.228977205614212	0.0185510094582604
0.229444741763496	0.0219373467922239
0.229912754744461	0.025630567796603
0.230381251345056	0.0295851972192376
0.230850217996288	0.0337503893874205
0.231319668280961	0.0380727432535502
0.23178958860246	0.0424849203542314
0.23225998575564	0.0469431373630953
0.232730866562977	0.0513865689740846
0.233202217386424	0.0557925391635364
0.233674051877838	0.0601328308814734
0.234146356371553	0.0643993114672916
0.234619137696948	0.0685958565422588
0.235092402711026	0.0727088821602708
0.235566137706689	0.0767381986838808
0.236040356404845	0.080649273194976
0.236515045070774	0.0843978086589319
0.236990210568385	0.0879312456586556
0.237465859789205	0.091156817731788
0.237941978957082	0.0940249075796613
0.23841858186198	0.0964370671021863
0.238895654700125	0.0983707852481
0.23937320436995	0.0997819106126366
0.239851237797512	0.100680490940103
0.240329741137605	0.101100368290887
0.240808728249245	0.101071513323094
0.241288185259604	0.100678020064783
0.241768119101645	0.099948516424929
0.242248536735949	0.0989470593351808
0.242729424248256	0.0976916118633759
0.243210795566638	0.0961835553431967
0.243692636749213	0.0944350600376208
0.244174954763468	0.0923950802994386
0.244657756604514	0.0900828261218543
0.245141028289037	0.087450118405632
0.24562478381416	0.0845258766294084
0.24610900916895	0.0813157140996328
0.246593711355421	0.077855288419524
0.247078897403208	0.07421784033103
0.247564553259946	0.07043225814045
0.248050692991811	0.0666041880804852
0.248537302518816	0.0627540392148084
0.249024388877502	0.058973404375582
0.249511959132031	0.0552801833260812
0.249999999160984	0.0517224801284717
0.250488523099591	0.0483274284960823
0.250977516798811	0.0451075828835292
0.251466987329712	0.0421003965132298
0.251956941790983	0.0393136716107896
0.252447365992151	0.0367837761911603
0.252938267025	0.0345396262212627
0.253429652008935	0.032597832747515
0.253921506712051	0.0310135279887617
0.254413845380064	0.0297715750738986
0.254906653753447	0.0289366713675796
0.255399938958511	0.0284670017800654
0.255893708149188	0.0284128914534461
0.256387947024519	0.0287261237815297
0.256882669899274	0.029427636014666
0.257377862444872	0.0304846886262542
0.257873531822151	0.0318917064373598
0.25836968521957	0.0336395558301473
0.258866308267116	0.0357112429356693
0.259363415348612	0.0381113308857012
0.259860992066426	0.0408259955194506
0.26035904561592	0.0438521283764198
0.26085758322008	0.0471843934422575
0.261356590439842	0.0507967696092843
0.26185608172808	0.0546884832929512
0.262356042618108	0.0588072682557707
0.262856480339818	0.0631483910685217
0.26335740215072	0.0676496548961944
0.263858793542696	0.0722928744966728
0.264360669037676	0.0770271864167468
0.26486301409992	0.081816424174368
0.265365835993844	0.0866379159555191
0.265869142011488	0.0914374327648837
0.26637291757568	0.096225394657792
0.266877177277402	0.100933385223597
0.267381906511861	0.105597274781205
0.267887112578	0.11014645595014
0.268392802802386	0.114627060962291
0.268898962538792	0.118978529309099
0.269405606447256	0.12324051049334
0.26991271985393	0.127371831136918
0.270420310092285	0.131392988340614
0.270928384523412	0.135282253669089
0.271436928432034	0.139037942296648
0.271945956547239	0.142657339424844
0.272455454126128	0.146122330322084
0.272965428536698	0.149447264820308
0.273475887174567	0.152614872818361
0.273986815255404	0.155656486682461
0.274498227577351	0.158568118952793
0.275010109328455	0.161396821720436
0.27552246791124	0.164155133864848
0.276035310755851	0.166889560586307
0.276548623008903	0.169618602487792
0.277062419537592	0.172366674244006
0.277576685460911	0.175139376702664
0.278091428215911	0.177932717702128
0.278606655267264	0.180734068526641
0.279122351692531	0.183522318391842
0.279638532427962	0.186281672647275
0.280155182523496	0.18899848432253
0.280672309450711	0.191680094724579
0.281189920708806	0.19434180698629
0.281708001306288	0.197021476561001
0.282226566248461	0.199765365636896
0.28274560051621	0.202622445079307
0.28326511161564	0.20564325035864
0.283785107080477	0.208856826908398
0.284305571850174	0.212282679839641
0.284826513451552	0.215905477172849
0.285347939439053	0.219705719290618
0.285869834710698	0.223627991453576
0.286392214382276	0.227630089811279
0.286915063324189	0.231649713236998
0.287438389097782	0.235658074248711
0.287962199292024	0.23962091517567
0.288486478735885	0.243536825689707
0.289011242614205	0.247410995115441
0.289536475728332	0.251259767504175
0.290062185674141	0.255116449997664
0.290588380075125	0.25898683585104
0.2911150436912	0.262907845912594
0.291642191776262	0.266851722774581
0.292169809062605	0.270838393652353
0.292697903180628	0.274802948276722
0.293226481788354	0.278773646765368
0.293755529576645	0.282664671474871
0.294285061868449	0.286506974589709
0.294815063327006	0.290222168428399
0.295345541617245	0.293840162408478
0.295876504431713	0.297305241446045
0.296407936392218	0.300629943377794
0.296939852890764	0.303783296283721
0.297472238521537	0.306746744768741
0.29800510098399	0.309516580402218
0.2985384480052	0.312040681081877
0.299072264137921	0.314354702216086
0.299606564843208	0.31639027602591
0.300141334646196	0.318220390671222
0.300676581280865	0.319787402428256
0.301212312508816	0.321182642284153
0.301748512813752	0.322365528597852
0.302285197725781	0.323410958498925
0.302822351700984	0.324286295486096
0.303359982507868	0.325017009892927
0.303898097942561	0.325567550152174
0.304436682419712	0.325907939390651
0.304975751538483	0.32599896761376
0.305515289685901	0.325791101685938
0.306055304665	0.325254152950466
0.306595804306435	0.324369590559739
0.307136772955801	0.323124937878512
0.307678226281314	0.321561993510639
0.308220148600947	0.31967217433601
0.308762547752261	0.317546949641754
0.309305431600438	0.31515709154072
0.309848784422019	0.31259841788802
0.310392621954274	0.309805526699677
0.310936928446122	0.306838986115846
0.311481711769651	0.303615562566058
0.31202697982457	0.300151569078031
0.312572716818366	0.296384917138161
0.313118938557363	0.292311419753397
0.313665629221426	0.287917390183722
0.31421279671717	0.283207285284017
0.31476044897883	0.278211485313086
0.315308570144842	0.272945054738568
0.315857168142534	0.267440641114878
0.316406250926858	0.261708797305713
0.316955802594818	0.255746689196477
0.31750583906322	0.2495533367349
0.318056344401446	0.243087109564442
0.318607326571354	0.236351330291002
0.31915879356242	0.229303515360864
0.319710729402594	0.221977489362809
0.320263150077738	0.214376395243171
0.32081603958818	0.20657269026265
0.321369405930302	0.198622560866194
0.32192325712811	0.190612125313609
0.3224775771405	0.18261022865493
0.323032382022386	0.174668801919552
0.323587655705042	0.166816993692385
0.32414340621938	0.159048003533276
0.32469964162393	0.151332668105972
0.325256345808534	0.143623755798587
0.325813534897162	0.135866792664073
0.326371192752034	0.128026646670969
0.326929327438586	0.120078971373518
0.327487947049878	0.112045953384012
0.328047035406698	0.103966707622384
0.328606608702067	0.0959218984505088
0.329166650729154	0.0879965495461789
0.329727169587922	0.0802891150002671
0.330288173405955	0.0728817637582004
0.33084964593499	0.0658403139540029
0.331411603437101	0.059206173055385
0.331974029636403	0.0529951012649779
0.332536932667386	0.0472028287433309
0.333100320692161	0.0418120763322291
0.333664177393411	0.0367988213028542
0.334228519102264	0.0321439856059935
0.334793329473781	0.0278318952227537
0.335358616676979	0.0238598086587037
0.335924388908496	0.0202292637337366
0.336490629781961	0.0169510131075153
0.337057355697556	0.01403490440264
0.337624550241288	0.0114929411399664
0.338192221616701	0.00933279016706005
0.33876037805496	0.00756177957211113
0.33932900310064	0.00618334415877043
0.339898113222977	0.0052001831189921
0.340467691938924	0.00461284218739165
0.341037747486552	0.00441680868771558
0.341608288131553	0.00460364901345075
0.342179297349448	0.0051534790960147
0.342750791678526	0.00603716013836474
0.343322754566689	0.00721454097242584
0.343895194286532	0.00863230952876911
0.344468119138274	0.0102380461958679
0.345041512528385	0.0119702128855594
0.345615391064205	0.0137827470239271
0.346189738124582	0.0156327406360201
0.346764562016641	0.0174958199735026
0.347339871075125	0.0193633887691595
0.34791564863745	0.0212309389481768
0.348491903031457	0.0231100783949512
0.349068642612605	0.0250024562034351
0.349645850676878	0.0269042854175314
0.350223543942104	0.0288077228193881
0.350801705676645	0.0306725315794644
0.351380344242866	0.0324751252782153
0.351959468030756	0.0341519567220997
0.352539060267245	0.0356707563446807
0.353119137739213	0.0369818165867683
0.353699683645968	0.0380562911951972
0.354280706384405	0.0388854907392299
0.354862214379037	0.0394566681161776
0.35544419078774	0.0397853215892667
0.35602665246645	0.0398918367827534
0.356609582545421	0.0397916969484974
0.357192989456072	0.0395086918533414
0.357776881657446	0.0390468897305863
0.358361242238365	0.0384310400799826
0.358946088123816	0.037672153810059
0.359531402375002	0.036777162753632
0.360117193457869	0.0357702619191795
0.360703469865984	0.0346618773241736
0.361290214619118	0.0334953041554636
0.361877444711311	0.0322966979683439
0.362465143134712	0.0311034833212191
0.363053318389794	0.0299482806383117
0.363641979004651	0.0288486496037116
0.36423110793	0.0278270729419303
0.364820722228935	0.0268797501398404
0.365410804824551	0.0260086411813608
0.366001364251848	0.0252002662666519
0.366592409073447	0.0244518081291982
0.367183922171011	0.0237539364907041
0.367775920676688	0.0231264009345846
0.368368387444519	0.0225777535126112
0.368961331044031	0.0221547516810742
0.369554760072372	0.0218866930592919
0.370148657342151	0.021825468968564
0.37074304005457	0.022012765236831
0.371337890994616	0.0224719651738725
0.371933218766343	0.0232230276736124
0.372529032001426	0.0242541588587217
0.37312531344342	0.0255535119507811
0.37372208036258	0.0270655467701462
0.374319315474842	0.0287585640917135
0.374917027418784	0.0305590622180073
0.375515224860609	0.0324376798611533
0.376113890474818	0.0343425081796017
0.37671304160072	0.0362431592176808
0.377312660885196	0.0381411048567787
0.377912757001354	0.0400267156971266
0.37851333864992	0.0419340338892368
0.379114388436344	0.0438764423799651
0.379715923768988	0.0458928601265728
0.38031792722568	0.0480005758991592
0.380920407514052	0.050221774094267
0.38152337336936	0.0525566408716528
0.382126807328	0.054999455918456
0.38273071811832	0.057513160998459
0.383335114496292	0.0600559351667426
0.38393997895688	0.0625785121517712
0.38454532901893	0.0650093722235576
0.385151147149784	0.0673131435694373
0.38575744211232	0.069423517292616
0.386364222697034	0.0713376044227961
0.386971471329836	0.0730510438249257
0.387579205598628	0.0745860720131059
0.388187407901698	0.0760111642027333
0.388796087036449	0.0773845972705576
0.389405251827904	0.0787904858666316
0.390014884632922	0.0802847959727542
0.390625003108455	0.0819126119230027
0.39123558958374	0.0836762183249173
0.391846652890706	0.0855466615257409
0.392458201888903	0.0874490440304116
0.393070218866136	0.0892856385168928
0.393682721548411	0.090948068842663
0.394295692195911	0.0923388612818944
0.394909139675092	0.0934219886638884
0.395523072880031	0.094179297706725
0.396137474029479	0.0946868659288572
0.396752360918496	0.0950637090423874
0.397367715738211	0.0954614719898415
0.397983547389607	0.0960715648748352
0.398599864801288	0.0970235078994906
0.399216650122951	0.098439934734764
0.39983392121871	0.100336488478321
0.40045166021064	0.102653016266336
0.401069876034251	0.105240145650201
0.401688577652674	0.107873189528382
0.402307747146552	0.110312321142822
0.402927402449053	0.112305264846764
0.403547525613198	0.113693089012785
0.404168125609024	0.11436453475528
0.404789211434189	0.114379285134797
0.405410765100282	0.113887217295277
0.406032804609524	0.113127530930291
0.406655311945885	0.112434588815808
0.407278296113926	0.112086039743126
0.407901766145832	0.112385897644832
0.408525703984141	0.113451529856595
0.409150127700125	0.115338326862955
0.4097750192087	0.117915357183844
0.410400387548957	0.120918072530851
0.411026241787605	0.124020221352774
0.411652563798128	0.12679397921328
0.412279371720854	0.128912806781871
0.412906647401645	0.130075003734991
0.413534399914116	0.130172862167587
0.414162638359506	0.129224915518359
0.414791344542245	0.127444005921045
0.415420536671713	0.125170788789433
0.416050196524718	0.122787936901312
0.416680333209405	0.120763238305647
0.417310955861537	0.119407976248823
0.41794204621649	0.118980527520411
0.418573613403125	0.11954056981125
0.419205666577921	0.120956501756294
0.419838187434822	0.122973185897142
0.420471194293696	0.125161149082032
0.421104668820865	0.127086751821233
0.421738620179714	0.128299944535338
0.422373057561252	0.12847351486105
0.423007962590369	0.127420685622103
0.423643353655984	0.125135484690439
0.424279212355368	0.121817567290066
0.424915547886433	0.117773435238013
0.425552369474712	0.113454433804074
0.426189658676044	0.109286283509155
0.426827433948401	0.10566159642988
0.42746567682	0.102862143492552
0.42810439652328	0.100978219607794
0.428743602318301	0.099963964348027
0.429383275691848	0.099584528875473
0.430023435170947	0.0995070243224112
0.430664062214761	0.0993422390835555
0.431305166090256	0.098707717510858
0.431946756092019	0.0973038065112896
0.432588813637781	0.0949422965624175
0.433231357323622	0.0915893221024787
0.433874368539651	0.0873477313196387
0.434517856587361	0.0824532533883075
0.435161830795866	0.0772185824021949
0.435806272513843	0.0719858447097638
0.436451200406426	0.0670707834427237
0.43709659579467	0.0627042723859329
0.437742468014595	0.0590077555675079
0.438388826429842	0.0559731261782979
0.439035652320034	0.053487091927128
0.439682964419359	0.0513545120694125
0.440330743979818	0.049348815040982
0.440979000371958	0.047252959741771
0.441627742993946	0.0448934935546788
0.442276953056354	0.0421734186571837
0.44292664936242	0.0390661342573806
0.443576813095095	0.0356340674795681
0.44422745365945	0.0319914639516319
0.44487858048818	0.0282915423132498
0.445530174722802	0.0247044810515422
0.44618225523561	0.0213637143647709
0.4468348031405	0.018378438664188
0.44748782787707	0.0157944154853178
0.448141338912542	0.0136049300971475
0.44879531731938	0.011772937406766
0.44944978203893	0.0102278835307816
0.450104714116034	0.00890514559632642
0.45076012302482	0.00774746406964152
0.451416018267034	0.00671505705924289
0.452072380846086	0.00578958252918346
0.452729229772378	0.0049622383244054
0.453386546021698	0.00424251331329156
0.454044339102698	0.00363168386432384
0.454702618551654	0.00313586689225166
0.455361365302922	0.00276296658931341
0.45602058888587	0.002512853239574
0.45668029885749	0.00238834085334921
0.457340476110706	0.00240622204663099
0.458001139766403	0.00257830262447006
0.458662270689886	0.00290431419420627
0.45932387844505	0.0033968965031911
0.459985972623411	0.00408216556791306
0.460648534048842	0.0049423097977674
0.461311581911281	0.005923255835329
0.461975097006979	0.00695319113218087
0.462639088934358	0.00797901705054726
0.463303567319461	0.00893071693268578
0.463968512917107	0.00973416989940064
0.464633944986288	0.0103400324780065
0.465299844254201	0.010738656914286
0.465966220353795	0.0109803795378618
0.46663308294564	0.0111240808934226
0.467300412715501	0.0112274464156114
0.467968228991424	0.0113760561284055
0.468636512431552	0.011649774378017
0.469305272703361	0.0121032076856093
0.469974519501948	0.0127370266253052
0.470644233444024	0.0134787364938021
0.471314433926689	0.0142301118846468
0.471985101539032	0.0148951038670127
0.472656245983056	0.0154062352123511
0.473327876988385	0.0157154553882459
0.473999975102676	0.0157899139111791
0.474672559792082	0.0156420607080485
0.475345611576641	0.0153037508228477
0.47601914019288	0.014842722893329
0.47669315540495	0.0143490447478842
0.477367637691457	0.0138780423005865
0.478042606587605	0.0134668933242661
0.478718042544378	0.0131302250026599
0.479393955332833	0.01285422748125
0.480070354751645	0.0126231858198257
0.480747221210366	0.0124210321307866
0.481424574313256	0.0122405926876088
0.482102394442245	0.012087358562424
0.482780691402914	0.0119929076558355
0.483459475028468	0.0120140430828378
0.484138725659405	0.0121975383535115
0.484818462969037	0.0125861977837056
0.48549866727024	0.0131960854693526
0.486179348403125	0.0139950675869225
0.486860516235421	0.0149316404453955
0.487542151038572	0.015931073662861
0.488224272554946	0.0169067209651717
0.488906861028365	0.017783321686237
0.489589926333464	0.0184980459004442
0.490273478372502	0.019026258185934
0.490957497347869	0.0193723361914495
0.491642003070984	0.0195791876180966
0.492326975716618	0.0197376696944247
0.493012425193933	0.0199469878027805
0.493698361439712	0.0203225293782948
0.494384764587294	0.0209804501567444
0.495071654517151	0.0219876505510084
0.495759011335	0.023371148205582
0.49644684498453	0.0250969475527255
0.497135165437051	0.0270571340905222
0.497823952756848	0.0291049936799853
0.498513216908326	0.0310571515175373
0.499202967883511	0.0327343674240958
0.499893185705256	0.0339915096390384