# Energy dP/dE
2.3841858186198e-07	0.00794656410880038
9.53674272205205e-07	0.0163097255082537
2.14576721604181e-06	0.0254757253106343
3.81469736503441e-06	0.0357723971816769
5.96046437391602e-06	0.0474455836646882
8.58306886416722e-06	0.0606417911153062
1.16825105595744e-05	0.0753984016849592
1.52587889077104e-05	0.0916421653283868
1.93119049443762e-05	0.10919608759799
2.3841858186198e-05	0.127794028235714
2.88486478735885e-05	0.147101991972544
3.43322754566689e-05	0.166744231299912
4.02927402449053e-05	0.186332096648034
4.67300412715501e-05	0.205493328684276
5.36441752220405e-05	0.223899292234495
6.10351512114245e-05	0.241288080965415
6.89029644059645e-05	0.25748115841336
7.72476148056605e-05	0.272392588298132
8.60691024105125e-05	0.28602970959658
9.53674272205205e-05	0.298485081465091
0.000105142589235685	0.309920475282094
0.000115394588456005	0.320544129840842
0.000126123424881481	0.330583024339261
0.000137329098512113	0.34025268616318
0.000149011609347901	0.349727087057593
0.000161170957388845	0.35911123376121
0.000173807142634944	0.368419329178351
0.0001869201650862	0.377560142725389
0.000200510024742612	0.386331836849365
0.00021457672160418	0.394426683374205
0.000229120255670904	0.401445929315389
0.000244140626942785	0.40692426526023
0.000259637835419821	0.410362053969173
0.000275611881102013	0.411263295933595
0.00029206276398936	0.40917662983067
0.000308990484081864	0.403736005665362
0.000326395041379524	0.394698420381082
0.00034427643588234	0.381975035392874
0.000362634667590312	0.3656540305006
0.000381469736503441	0.346012239387179
0.000400781642621725	0.323515358160548
0.000420570385945165	0.298805595844633
0.00044083596647376	0.272677928642692
0.000461578384207513	0.24604560023864
0.000482797608072392	0.219897562290585
0.000504493699525922	0.195249809351378
0.000526666628184608	0.1730935748742
0.00054931639404845	0.154343361927986
0.000572442997117448	0.139787547350184
0.000596046437391602	0.130044096767021
0.000620126714870912	0.125523691805131
0.000644683829555378	0.126401954121274
0.000669717781445	0.13260217735638
0.000695228570539778	0.143789487702934
0.000721216196839712	0.159376897124586
0.000747680660344802	0.17854357405525
0.000774621961055048	0.200265103287193
0.00080204009897045	0.223355396410339
0.000829935074091008	0.246519356489715
0.000858306886416722	0.268415075840815
0.000887155535947592	0.287723649221016
0.000916481022683618	0.30322403731053
0.0009462833466248	0.313869574631232
0.000976562507771138	0.318861902326489
0.00100731850612263	0.317717388553105
0.00103855134167928	0.310320592246466
0.00107026101444109	0.296959122519558
0.00110244752440805	0.278334706128381
0.00113511087158017	0.255546214769591
0.00116825105595744	0.230042043441989
0.00120186807753987	0.20354146035426
0.00123596193632746	0.177927437503112
0.0012705326323202	0.155116335588064
0.00130558011441858	0.13691296916142
0.0013411044841311	0.124862110686649
0.00137710569104878	0.120109314341583
0.00141358373517161	0.123284700669157
0.0014505386164996	0.134422678994247
0.00148797033503274	0.152928267594255
0.00152587889077104	0.177597242096959
0.0015642642837145	0.206692307037114
0.00160312651386311	0.238071929467035
0.00164246558121688	0.269362632565768
0.0016822814857758	0.298160280903133
0.00172257422753988	0.322241607220929
0.00176334380650912	0.339765162720444
0.00180459022268351	0.349440750206519
0.00184631347606306	0.350648800286787
0.00188851356664776	0.343496119769001
0.00193119049443762	0.328801075911519
0.00197434425943264	0.308009097233717
0.00201797486163281	0.283047625407525
0.00206208230103814	0.256136629215982
0.00210666657764862	0.229576278962074
0.00215172769146426	0.205535992829799
0.00219726564248506	0.185868438589841
0.00224328043071101	0.171968584912256
0.00228977205614212	0.164691115366961
0.00233674051877838	0.164331620832055
0.0023841858186198	0.170667632056826
0.00243210795566638	0.183047584880911
0.00248050692991811	0.200509602020057
0.00252938267025	0.221908763297535
0.00257873531822151	0.246032299643863
0.00262856480339818	0.271686203801838
0.00267887112578	0.29774410819324
0.00272965428536698	0.323157874863359
0.00278091428215911	0.346938555664558
0.0028326511161564	0.368123521251628
0.00288486478735885	0.38574949814753
0.00293755529576645	0.398851267570322
0.00299072264137921	0.406500693515199
0.00304436682419712	0.407892105829246
0.00309848784422019	0.40246852698938
0.00315308570144842	0.390071518318663
0.0032081603958818	0.371087384326854
0.00326371192752034	0.346556772260069
0.00331974029636403	0.318215159282458
0.00337624550241288	0.288438541290559
0.00343322754566689	0.260082111059714
0.00349068642612605	0.236217196153695
0.00354862214379037	0.219791410561372
0.00360703469865984	0.213254003213467
0.00366592409073447	0.218200787970192
0.00372529032001426	0.235096354924337
0.0037851333864992	0.263125223592544
0.0038454532901893	0.300207288431521
0.00390625003108455	0.343188885925172
0.00396752360918496	0.388192869133886
0.00402927402449053	0.43108328353838
0.00409150127700125	0.46797879320171
0.00415420536671713	0.495737375471135
0.00421738620179714	0.512336656263586
0.0042810439652328	0.517089254812648
0.00434517856587361	0.510659534812927
0.00440979000371958	0.494882200037733
0.0044748782787707	0.472417646025473
0.00454044339102699	0.446308688237784
0.00460648534048842	0.419520269590185
0.00467300412715501	0.394545732831805
0.00473999975102676	0.373148633900113
0.00480747221210366	0.356279920104373
0.00487542151038573	0.344173199090168
0.00494384764587294	0.336582132538173
0.00501275111920245	0.333093110348817
0.0050821305292808	0.333429421911708
0.00515198677104005	0.337665220803223
0.00522232086647045	0.346287994422361
0.0052931307784968	0.360084712656936
0.00536441752220405	0.379870740730972
0.00543618214029845	0.406121434968455
0.0055084225542728	0.438596990349484
0.005581140856445	0.47606161570044
0.00565433494068645	0.516183653091888
0.0057280058566088	0.555671030640652
0.005802154681445	0.59064393459857
0.00587677926763445	0.617193667870626
0.00595188177654845	0.632030235824209
0.006027460033005	0.6330910079676
0.00610351512114245	0.619984946678262
0.00618004815272045	0.594170388296386
0.006257056911125	0.55881741070075
0.0063345436267808	0.518369190258344
0.00641250605545245	0.477878279442891
0.006490945315805	0.44224417231544
0.0065698625541248	0.415497228346816
0.00664925548474445	0.400265055026025
0.00672912640714205	0.397516227264612
0.0068094730080288	0.40661345307132
0.00689029644059645	0.425642286008814
0.00697159788565805	0.451920825056393
0.0070533749884928	0.482562907118336
0.0071356301176322	0.51496445060554
0.00721836089073405	0.547111000972251
0.0073015684955168	0.577660331432656
0.0073852541473202	0.605815072704036
0.00746941542237005	0.63105822315257
0.00755405475825125	0.65285842063902
0.0076391697035682	0.67045322906772
0.00772476148056605	0.68279246506803
0.00781083133911125	0.688668804815685
0.0078973767863762	0.68700431313419
0.0079844003289992	0.677210285390628
0.00807189944653125	0.65950944185775
0.0081598753957442	0.635117572031408
0.0082483294610312	0.60621612265248
0.00833725908051125	0.575706234616305
0.00842666682987605	0.546796355540589
0.0085165501196232	0.522520149266736
0.00860691024105125	0.505302743817935
0.00869774851308005	0.496674213343952
0.0087890623047752	0.497185126170852
0.0088808542608818	0.506518364819748
0.00897312172284405	0.523732637766132
0.0090658660164872	0.547541449331484
0.0091590884952578	0.576527634667534
0.00925278645916805	0.609229258892439
0.00934696262201645	0.644088949813873
0.0094416142561938	0.679318229482194
0.00953674272205205	0.712773534985922
0.00963234940756445	0.741946443452739
0.0097284315436898	0.76414072079768
0.00982499191328	0.77684428774056
0.00992202771967245	0.778227361016112
0.0100195403577458	0.767637725453634
0.01011753125	0.745936880125
0.0102159975583405	0.715547414238247
0.0103149406983618	0.68015325051414
0.01041436211328	0.6440916419064
0.0105142589235684	0.611572779446765
0.0106146340225645	0.585922903601467
0.01071548450312	0.56904958982716
0.0108168118153564	0.561270998886945
0.0109186174370165	0.561544413059196
0.01102089841952	0.56801083992136
0.0111236577252578	0.578676600368872
0.0112268923780284	0.592011782456176
0.01133060386248	0.60727852995264
0.0114347936908818	0.62449338783981
0.0115394588456004	0.644055845924158
0.01164460235808	0.666190794872924
0.0117502211830658	0.690418636781788
0.0118563168397325	0.715261151833182
0.011962890874876	0.738309197022954
0.0120699402018098	0.756653917983204
0.0121774679210312	0.767554147595944
0.0122854709182321	0.769126349844853
0.0123939507471138	0.7608340597152
0.0125029089889992	0.74361949775034
0.0126123424881481	0.719643702030505
0.0127222544141112	0.691735751636305
0.0128326415835272	0.662745364541948
0.012943505584624	0.635017301184273
0.0130548480332513	0.6101454175398
0.0131666657046152	0.589047464732944
0.0132789618373202	0.572272795856762
0.0133917331789513	0.56036212200384
0.0135049813522632	0.554065808879616
0.0136187080076322	0.554291620681788
0.0137329098512112	0.56177838857896
0.0138475901906581	0.576621606058781
0.0139627457045042	0.597858451331298
0.0140783780500312	0.62331898577505
0.014194488912142	0.6498586240155
0.0143110749279362	0.67394270863289
0.0144281394741248	0.692411699216384
0.014545679160186	0.703172143833767
0.0146636956779282	0.705576633260466
0.0147821907467808	0.700363859149752
0.01490116093479	0.689196084979198
0.0150206096877204	0.673982952652757
0.0151405335459968	0.656257873457184
0.0152609342359541	0.636846262546305
0.0153818135115484	0.615935834115909
0.0155031678717728	0.593488206891336
0.015625000831445	0.56978460883028
0.0157473088619365	0.545838639066173
0.0158700937241088	0.523466889560736
0.015993357206445	0.50495479957719
0.0161170957388845	0.492432765203301
0.0162413129052985	0.487208180443538
0.016366005108005	0.4893241029355
0.0164911741423924	0.497525841058632
0.0166168218314705	0.509646552973719
0.016742944536125	0.5232498843147
0.0168695440724604	0.536266684870343
0.0169966222842025	0.547376219109401
0.017124175490805	0.55600896297621
0.0172522073866248	0.562024423494888
0.0173807142634944	0.565265070267315
0.017509697972045	0.56523903269363
0.0176391603905288	0.5611114697915
0.0177690977693464	0.552025375443132
0.017899513871908	0.537601178632821
0.0180304049209928	0.518360948395584
0.0181617728017585	0.495845481025374
0.018293619426984	0.47232522105374
0.0184259409780168	0.4501962268293
0.0185587412873202	0.43130363560671
0.0186920165086201	0.416476333331227
0.0188257685616008	0.405466475068084
0.0189599993935682	0.397303466756108
0.0190947051168161	0.390884137828095
0.0192298896328612	0.38551808579718
0.0193655490263762	0.381177069861502
0.019501685251572	0.378349838815131
0.0196383002902813	0.37759890295485
0.0197753901857442	0.379061160870042
0.0199129589085312	0.38215629327696
0.0200510024742613	0.385655976730615
0.0201895228716722	0.388081210744798
0.0203285221171232	0.388227138773856
0.0204679961848012	0.3855540924258
0.0206079491143301	0.380256973684797
0.0207483768522752	0.372995232209664
0.0208892814219012	0.364444155486795
0.021030664874094	0.354916941305437
0.0211725231139872	0.344263364437824
0.0213148602502578	0.332095732334646
0.021457672160418	0.318208907033956
0.0216009609022592	0.302951819252544
0.0217447285611938	0.287327147029952
0.0218889709733021	0.272740814915397
0.0220336923163144	0.260511239407671
0.0221788883986898	0.251379843387896
0.0223245613127461	0.245268465951312
0.0224707131784225	0.241399947220588
0.0226173397627458	0.238709083505196
0.0227644453125	0.23632296915
0.0229120255670905	0.233863209289626
0.0230600826533618	0.231432125766272
0.02320861872578	0.2293237309526
0.0233576294823185	0.22765183560075
0.0235071192388145	0.226124221399551
0.02365708366562	0.22409549357978
0.0238075249241064	0.220863479230053
0.0239584452032665	0.2160286008943
0.02410984013202	0.209701706440368
0.0242617140952578	0.202438542217804
0.0244140626942785	0.194942764255709
0.02456688812498	0.18771613995479
0.0247201926108818	0.18086143932374
0.0248739717118504	0.174146974822817
0.0250282276445	0.16728014353148
0.0251829626530658	0.160209991051365
0.0253381722559824	0.153263775205282
0.025493860948626	0.14702775603514
0.0256500242218098	0.142042855222642
0.0258066643266745	0.13850217386252
0.0259637835419821	0.136136727523727
0.0261213773171138	0.13435981074499
0.0262794502164992	0.132581419955443
0.0264379976618981	0.130501657450735
0.0265970219389778	0.128210490133411
0.0267565253610272	0.126046241865654
0.0269165033083741	0.124317412876207
0.0270769604145012	0.123073506732858
0.0272378920321152	0.122070150195494
0.02739930048141	0.120940833247332
0.0275611881102013	0.119449938323353
0.0277235502297632	0.117651234730388
0.0278863915426322	0.115844727184038
0.0280497073324613	0.1143650171838
0.0282134999539712	0.113351124103078
0.0283777717895042	0.112660040671569
0.0285425180812812	0.11198615197678
0.0287077436008921	0.11110372741763
0.0288734435629362	0.110060584620571
0.0290396203566613	0.109181381638014
0.029206276398936	0.108869411230334
0.0293734068629282	0.109338070819391
0.0295410165892808	0.110457285558334
0.02970910072354	0.111825947723119
0.0298776616894802	0.113028039639796
0.0300467019384968	0.113902027576114
0.030216216574704	0.114641478448093
0.0303862105077984	0.115659176781182
0.0305566788142728	0.117309257609384
0.0307276239524281	0.119659128799433
0.0308990484081864	0.122465444529445
0.0310709472166088	0.125362816771578
0.031243325356445	0.128123112490027
0.0314161778351344	0.130795591889659
0.0315895071455048	0.133629081830919
0.031763315808005	0.136840446468859
0.0319375987886424	0.140409872405601
0.0321123611352205	0.144065296852052
0.032287597786125	0.147476238870345
0.0324633112687104	0.150515850357907
0.0326395041379525	0.153389769962344
0.032816171290805	0.156521752442258
0.0329933178441248	0.160265422404547
0.0331709386672445	0.164647179446808
0.033349036322045	0.169333256298462
0.0335276133980288	0.173856394473408
0.0337066647230965	0.177947333217008
0.033886195483158	0.181733960476858
0.0340662004784928	0.185660974278986
0.0342466823055085	0.190183919182722
0.034427643588234	0.1954554153086
0.0346090790855168	0.201227220165949
0.0347909940523202	0.207032544920472
0.03497338321987	0.212507252343825
0.0351562492191008	0.217610423927562
0.0353395947085682	0.222587467378545
0.0355234143780661	0.227719327042368
0.0357077108792448	0.233064639213278
0.0358924868913762	0.238401808388657
0.0360777370628221	0.243415349079119
0.0362634667590313	0.247973084887675
0.0364496706007442	0.252264374533602
0.0366363512741381	0.256678190400914
0.0368235114930112	0.261508413383847
0.0370111458366722	0.266718167953379
0.0371992597396232	0.271956798986966
0.0373878477535512	0.27682759098228
0.0375769125991602	0.281204809487532
0.0377664570247752	0.285352366817796
0.0379564755406512	0.289745852916355
0.0381469736503441	0.294728628879444
0.0383379458364872	0.300261619401476
0.0385293948543112	0.30595532949297
0.0387213234866681	0.311352093759522
0.0389137261747592	0.316237307324804
0.0391066084911938	0.320744255534572
0.0392999648495521	0.325187018219518
0.0394937980395912	0.32977432067598
0.0396881108786898	0.334441265476044
0.039882897738996	0.338928500090729
0.0400781642621724	0.343027518449646
0.0402739047927458	0.346775738986006
0.040470122155	0.350434313632449
0.0406668192008404	0.35427137651031
0.0408639902333618	0.358339244179042
0.04106164096328	0.36243839344104
0.0412597656660685	0.366298369578319
0.0414583672005378	0.369818810639172
0.04165744845312	0.37316029583424
0.0418570036578565	0.376602511775854
0.0420570385945164	0.380286058345805
0.04225754746952	0.38405521133708
0.0424585331762045	0.387537442281162
0.0426599986355284	0.390398252233605
0.04286193801248	0.39256797584136
0.0430643571558818	0.394265490722648
0.0432672502031004	0.395815215420186
0.043470620082	0.397422291294
0.0436744697480658	0.399090601735644
0.0438787932972324	0.400734646919149
0.0440835966473761	0.402367117231886
0.0442888738668098	0.404186066852428
0.0444946279179244	0.406485487215549
0.0447008617907321	0.40947109405023
0.0449075695121138	0.413142325834224
0.0451147570689992	0.41733371765976
0.0453224184606481	0.421862769762785
0.0455305566839778	0.426642153521202
0.0457391747635272	0.43165748950086
0.045948266657124	0.436843281215282
0.0461578384207512	0.441985511498025
0.0463678839846152	0.446752856879532
0.04657840638016	0.45083975704317
0.0467894086664513	0.454102702831605
0.0470008847322632	0.456580508412792
0.047212837629756	0.458395954201129
0.0474252704387113	0.459638756196925
0.0476381770064712	0.460337573347596
0.0478515634995042	0.460538616041232
0.0480654237375313	0.460409027366975
0.0482797608072392	0.460264649556528
0.0484945778229362	0.460495998555884
0.0487098685629113	0.46145668384728
0.048925639262686	0.463403537838192
0.0491418836729282	0.466517715711586
0.0493586049148513	0.47095719737467
0.04957580613729	0.476867492319948
0.0497934810494802	0.484327321867206
0.0500116359559968	0.493275367368432
0.050230264538454	0.503484206416797
0.0504493699525922	0.51460289844067
0.0506689553817728	0.52623004599424
0.0508890144661781	0.537961595350041
0.0511095535794365	0.549396173263245
0.0513305663341088	0.560129348490416
0.0515520559204621	0.569778897338352
0.0517740255563845	0.578046716283586
0.0519964688130048	0.584783136233856
0.052219392133005	0.59001587544258
0.0524427890598924	0.593937390775943
0.0526666628184608	0.596877548738808
0.052891016661125	0.59928345054585
0.0531158440899604	0.601700447940354
0.0533411516167024	0.604731824353386
0.053566932715805	0.60896991757589
0.0537931906465884	0.614925231747219
0.0540199286959945	0.622986715126545
0.054247140297045	0.6334192947186
0.0544748320305288	0.646369541662284
0.0547029973018465	0.661847322080619
0.054931639404845	0.67968747076048
0.0551607616609928	0.6995303078885
0.0553903574342585	0.720855781004826
0.055620433374484	0.743061927828723
0.0558509828180168	0.765541407416324
0.0560820090932304	0.787721001834547
0.05631351555612	0.809071520895995
0.0565454955016008	0.829125414021276
0.0567779556485682	0.847521558712506
0.0570108892643161	0.864053501739932
0.0572442997117448	0.878684812536348
0.0574781903813762	0.891527739175908
0.0577125544990721	0.902824055780418
0.0579473988527813	0.912962008729575
0.0581827166407442	0.922507826617222
0.0584185112603881	0.932189731030127
0.0586547861367613	0.942799708655365
0.0588915344266722	0.955059581575638
0.0591287629871232	0.96954560095848
0.0593664649473012	0.986713306160945
0.0596046437391602	1.00696324055616
0.0598433028222752	1.03063554383062
0.0600824352844012	1.05789313538653
0.0603220445782082	1.08857630297971
0.0605621341839872	1.12215913155565
0.0608026971480612	1.15785270312016
0.0610437404379181	1.19476831194334
0.0612852570722592	1.23201374635915
0.0615272505382813	1.268692682225
0.0617697243508021	1.30389287506748
0.0620126714870912	1.33675702712304
0.0622560989836898	1.36662176623358
0.0624999997902461	1.39311738277209
0.0627443774284832	1.4161658075501
0.0629892354477458	1.43593491914764
0.06323456675625	1.45285557570891
0.0634803784595905	1.4677040742511
0.0637266634383618	1.48161516937933
0.063973425248814	1.49591292930414
0.0642206674748184	1.51182525077311
0.0644683829555378	1.53030043836904
0.06471657886562	1.55206059354104
0.0649652480166065	1.57777288250538
0.0652143939992738	1.60807724761672
0.06546402043202	1.64335707301794
0.0657141200849545	1.68344294014536
0.0659647002017784	1.72755168304739
0.06621575352498	1.7745407959086
0.0664672836798625	1.82323960443725
0.0667192943193504	1.8725603967224
0.0669717781445	1.9213682593737
0.0672247424680658	1.96837147065961
0.0674781799634824	2.01225120430576
0.06773209429058	2.05194624280802
0.0679864891368098	2.08681610298367
0.0682413571341745	2.11656995391839
0.0684967056644821	2.14115221733377
0.0687525273321138	2.16081333235769
0.0690088258314265	2.17630745715969
0.0692656048843981	2.18891102735758
0.0695228570539778	2.2001156718015
0.0697805897910272	2.21125145840787
0.0700387956308741	2.22342662551216
0.0702974783024018	2.23781067910404
0.0705566415621152	2.25583026748278
0.07081627790391	2.27888974447295
0.0710763948477012	2.30777622241365
0.0713369848597632	2.34232823611339
0.071598051703506	2.38170312175874
0.0718595991699612	2.42491593605073
0.0721216196839712	2.4710372639829
0.0723841208345042	2.51888505760198
0.0726470950187812	2.56668557703773
0.0729105460347392	2.61223162524826
0.0731744777079362	2.65345992196758
0.0734388823941613	2.68887969297808
0.073703767751436	2.71751383081896
0.0739691261079282	2.73864469498823
0.0742349612961013	2.75185903443101
0.07450127717604	2.75739417165084
0.0747680660344802	2.75629285704774
0.0750353317246013	2.75006842079961
0.075303078127204	2.74022827640878
0.0755712974875922	2.72821462074078
0.0758399975742728	2.71574884962176
0.076109170604928	2.7049494845855
0.0763788204672642	2.69780964628255
0.0766489510766088	2.69545728748655
0.0769195546092121	2.6979978370654
0.0771906389026345	2.705090152011
0.0774621961055048	2.71651197399029
0.0777342301400561	2.73200040949272
0.0780067449561425	2.75060048539903
0.0782797326609608	2.77042007746761
0.078553201161125	2.7891999853664
0.0788271425362104	2.80509558951621
0.0791015607429768	2.81684770284817
0.079376459765805	2.82334648130874
0.0796518316428384	2.82335123352471
0.0799276843497445	2.81582534002382
0.080204009897045	2.80044937127192
0.0804808122760265	2.77764170872597
0.0807580955055965	2.7481220923606
0.081035851554845	2.71267786482869
0.0813140884684928	2.67243134881069
0.0815927981880085	2.62909783004562
0.081871984739205	2.58466641805314
0.0821516521755168	2.54074578191064
0.0824317923969805	2.49835060798366
0.08271241351737	2.45833868138965
0.0829935074091008	2.42179579631936
0.0832750781325124	2.38970599567322
0.083557129775566	2.36223429005821
0.0838396541692448	2.33853856273325
0.0841226594963762	2.31737592194238
0.084406137560322	2.29774529179945
0.0846900924559488	2.27881661846827
0.0849745283057442	2.25940034558016
0.085259436871638	2.23782337912012
0.0855448264055113	2.21248009169542
0.0858306886416722	2.18240409640786
0.0861170277095141	2.14723623554575
0.0864038477660512	2.10682470806356
0.0866911405041602	2.06112447810476
0.0869789142447752	2.0105036201182
0.0872671606531512	1.95591031371126
0.0875558838932082	1.89857570679913
0.0878450881564872	1.83963184649521
0.0881347650668112	1.78012548785669
0.0884249230141681	1.72126478881294
0.0887155535947592	1.66435220381778
0.0890066610070313	1.610338889964
0.0892982494770521	1.55955141554663
0.0895903105595912	1.51194716706863
0.0898828527136898	1.46751788951393
0.0901758674664961	1.42626742413567
0.0904693590509832	1.38783569185531
0.0907633317277458	1.3513658514961
0.0910577769825001	1.31586750569038
0.0913526990689352	1.28063338366626
0.0916481022683618	1.245231304119
0.091943978025064	1.20921620554501
0.0922403349085684	1.17205338756341
0.0925371643355378	1.13336129318292
0.092834470594188	1.09310682158369
0.0931322580003564	1.05150313337347
0.0934305179292738	1.00881261915773
0.09372925901952	0.96533364206016
0.0940284726187045	0.921500360133399
0.0943281630495698	0.87785250853326
0.09462833466248	0.83487970385284
0.0949289787636125	0.792965148063696
0.0952301040606004	0.752481126659304
0.095531701832	0.7138272621872
0.0958337764350805	0.677299061526945
0.0961363322547324	0.642964065353004
0.09643936052808	0.6107312765826
0.0967428700318098	0.580509863849214
0.0970468519754244	0.552227203997282
0.09735131075072	0.52570923893696
0.0976562507771138	0.50063491763505
0.0979616632226765	0.47665121574312
0.0982675569331481	0.453491704283499
0.0985739230489778	0.4309638012578
0.0988807659964885	0.408881421254994
0.0991880902296241	0.387073993836525
0.0994958868474018	0.36545047457672
0.0998041647646152	0.344011405341611
0.10011291505266	0.322806409527499
0.100422142172386	0.301919121702013
0.100731850612263	0.281486568955746
0.101042031402256	0.261682154289044
0.101352693526211	0.242657178846498
0.101663827986471	0.224519733691363
0.101975439278412	0.207371520260495
0.102287531925031	0.191321396643773
0.102600096887239	0.176433915784416
0.102913143217936	0.162688245285733
0.103226661850411	0.150014690582953
0.103540657314567	0.138353833112659
0.103855134167928	0.127652720760745
0.104170083302351	0.117821965580142
0.10448551383979	0.108739234676605
0.10480141664448	0.100301116405645
0.105117796280851	0.092446538067481
0.105434657340954	0.0851282845215656
0.105751990647592	0.078292653343581
0.106069805391773	0.071900815796352
0.106388092368678	0.0659483178330459
0.106706856177264	0.0604471495664894
0.107026101444109	0.0554014762744688
0.107345818922962	0.0508125295714191
0.107666017873884	0.0466927796543931
0.107986689023005	0.0430587120639935
0.108307837003806	0.0399156896710975
0.108629466477392	0.0372602175501502
0.108951568128461	0.0350892307063939
0.10927414661121	0.033396985241646
0.10959720660746	0.0321704310684073
0.109920738760477	0.0313978653068662
0.110244752440805	0.0310750839781058
0.110569238264088	0.0311940949091633
0.110894200919053	0.0317351820942872
0.111219645122045	0.0326813563301477
0.111545561447276	0.0340311797146465
0.111871959334346	0.0357837096957236
0.112198829329845	0.0379189856272917
0.112526176157024	0.0404078486983083
0.112854004566758	0.0432320679576665
0.113182305064205	0.0463765136051828
0.113511087158017	0.0498078570802512
0.11384034132573	0.0534808791880533
0.114170072325125	0.057361058758495
0.114500284941601	0.061419226367884
0.114830969611262	0.065608725724451
0.115162135911816	0.069876273655445
0.115493774251745	0.07419850712394
0.115825889423354	0.0785796158902254
0.116158486246572	0.0830076566532586
0.116491555088449	0.08744760191999
0.116825105595744	0.0918945083424948
0.117159128107888	0.0964005505426713
0.117493627451713	0.101021536799803
0.117828608481672	0.105762620839082
0.118164061495764	0.110609720923485
0.118499996209801	0.115590066563026
0.11883640289416	0.120753592669029
0.1191732864102	0.126099991649343
0.119510651646901	0.131567716020057
0.119848488833208	0.137094192708964
0.120186807753987	0.142639174373926
0.120525598610561	0.148138318435293
0.120864866298816	0.153481833720301
0.121204615742259	0.158561962950605
0.121544837100781	0.163304121951262
0.121885540228302	0.167633742894781
0.122226715257091	0.171462516050045
0.122568367117561	0.174743901399132
0.122910500767746	0.17750088096434
0.123253106298483	0.179761427749925
0.123596193632746	0.1815149564956
0.12393975283375	0.182784387033709
0.124283788866435	0.18369035841638
0.124628306723362	0.184367839020388
0.124973296426314	0.184852566939312
0.125318767967318	0.185129703155866
0.125664711340538	0.185260738781762
0.126011131545438	0.185357179245106
0.126358033609106	0.185434978596155
0.126705407484274	0.185398896858484
0.12705326323202	0.185178028224046
0.127401590777454	0.184774627788761
0.12775039515457	0.184162793153917
0.12809968142498	0.183242782199774
0.128449439472362	0.181927216811266
0.12879967942685	0.18018485500902
0.1291503911445	0.17797871906727
0.12950157969383	0.17525664228951
0.129853250170982	0.172027343540917
0.13020539239058	0.16835392719002
0.130558011441858	0.16425828589897
0.130911112441674	0.15973437390806
0.13126468516322	0.15486322142543
0.131618739847114	0.149791974231306
0.131973266238926	0.144581796976599
0.13232826946242	0.139205963256444
0.132683754668978	0.133717539441073
0.133039711562738	0.128273419275062
0.133396150453374	0.122954310277681
0.133753061017402	0.117702019460436
0.13411044841311	0.112481156155805
0.13446831782641	0.107367137994112
0.134826658892386	0.102421834288273
0.135185481989763	0.09760629901116
0.135544776726006	0.0928702929680123
0.13590454829393	0.0882253125709494
0.136264801913971	0.083692450544376
0.136625527152162	0.0792721881677373
0.136986734456281	0.0749867666153025
0.137348413364739	0.0708693901565104
0.137710569104878	0.0669156639433617
0.138073206931661	0.063129579133674
0.138436316342067	0.0595919164847744
0.138799907852928	0.0563913952112448
0.139163970933601	0.0535238735236205
0.139528510845955	0.0509542493356992
0.13989353287948	0.0487330835052282
0.140259026462101	0.0469502660092372
0.140625002179704	0.0456121249761442
0.140991449432592	0.0446602578082822
0.141358373517161	0.0440812055617053
0.141725779757428	0.0439162448231145
0.142093657512264	0.0441858742836289
0.142462017436609	0.0448656136987237
0.142830848861712	0.0459221096945733
0.143200157118496	0.0473424276642664
0.143569947565505	0.0491429370359831
0.143940209492556	0.0513527275182467
0.144310953623642	0.0539683773025139
0.144682169220961	0.0569438953759104
0.14505386164996	0.0602509440233058
0.14542603630371	0.0639129147895899
0.145798682402977	0.067944004992368
0.146171810740805	0.072293448560078
0.146545410510338	0.0768891537535199
0.146919487111553	0.081704837727732
0.147294045972045	0.086748235324779
0.147669076243526	0.0920006187881701
0.148044588788096	0.0973953809651687
0.148420572729845	0.102863190536912
0.148797033503274	0.10839162536345
0.149173976570508	0.114013081915333
0.149551391014205	0.11971895897015
0.149929287765517	0.125434453002059
0.15030765587948	0.131116014507754
0.150686500825125	0.13680739888281
0.151065828099101	0.142539369032117
0.151445626715012	0.148246858326392
0.151825902162605	0.153854517764684
0.152206659959245	0.159367754639766
0.152587889077104	0.164809862363852
0.152969600557822	0.170140711198547
0.153351783345949	0.175293831957221
0.153734442965756	0.180233875416698
0.154117584969138	0.184949121117359
0.154501198259213	0.189436261712184
0.154885293946672	0.193688935583968
0.155269860907014	0.197672598637447
0.155654904699037	0.201356238470227
0.15604043090916	0.204780223046862
0.15642642837145	0.208009736457867
0.156812908265651	0.211029033748252
0.157199859398208	0.213793735169139
0.157587287362446	0.216357424687488
0.157975197779311	0.218812722479078
0.158363579413816	0.221152835348497
0.158752443514759	0.223324614184266
0.159141778819531	0.225353461072862
0.159531590955984	0.227295125994083
0.159921885579591	0.229141863180376
0.160312651386311	0.230870629738305
0.160703899693996	0.232501136828497
0.161095619170983	0.234052405510801
0.161487815479651	0.235527474671207
0.16188049431	0.236957405675546
0.162273644288935	0.238388581833646
0.162667276803362	0.239851772296948
0.163061380452564	0.241399590609442
0.163455960933447	0.243120840707332
0.163851023970538	0.24508385392589
0.164246558121688	0.24732917428396
0.164642574842856	0.249919055763333
0.165039062664274	0.252924216818994
0.165436027317372	0.256375573027195
0.165833474561204	0.260275006142451
0.16623139288457	0.264618971604635
0.16662979381248	0.269386207271808
0.167028665806112	0.274536059389041
0.167428014631426	0.280017941948373
0.167827846082	0.28576478203546
0.16822814857758	0.291706353532632
0.168628933712232	0.297794382735592
0.16903018987808	0.30399252984596
0.169431922875608	0.310273644256007
0.169834138532924	0.316643123473199
0.17023682520072	0.323124841012728
0.170639994542114	0.329752688460961
0.171043634880176	0.33661735719015
0.17144775204992	0.343836777241472
0.171852351913978	0.35146163029373
0.172257422753988	0.359541750880321
0.172662976302124	0.368231332710551
0.173069000812402	0.377638748649272
0.17347550215436	0.3876979426736
0.17388248622516	0.39837496655589
0.174289941237386	0.409765253176041
0.174697873081292	0.421822314518439
0.175106287674756	0.434309530118119
0.17551517318893	0.447106927423237
0.175924541466471	0.460200572039603
0.176334380650912	0.473404216595465
0.176744696667034	0.486460424848575
0.177155495467239	0.499272296808026
0.177566765153628	0.511768181064823
0.177978517637911	0.523801799077967
0.178390740994567	0.535316408098415
0.178803441182904	0.546315584637747
0.179216624189851	0.556752784616804
0.179630278048455	0.566702755074828
0.18004441473948	0.576356922461648
0.180459022268351	0.585736124399475
0.180874106628903	0.594842315962881
0.181289673842592	0.603967291144186
0.181705711873411	0.613338098285535
0.182122232771178	0.622829827300291
0.182539224472264	0.632458393284522
0.182956693005031	0.642520611441125
0.183374644425462	0.65299059538053
0.183793066628496	0.663549646347136
0.184211971733005	0.67418320427016
0.184631347606306	0.684963737765319
0.185051200311288	0.69556827784658
0.185471535938461	0.70565344634204
0.18589234231371	0.715168720380152
0.18631363162496	0.723962376494708
0.186735391670477	0.731721302653632
0.187157628547674	0.738323494843655
0.187580348381588	0.743731981474233
0.188003538929053	0.7478408666382
0.188427212447045	0.75069983254266
0.188851356664776	0.752441846568009
0.189275977714189	0.753085105660272
0.189701081754845	0.75281224253735
0.190126656474524	0.751996122669092
0.190552714199258	0.750760273363568
0.190979242589205	0.74914956450306
0.191406247810832	0.747528491864055
0.19183373605823	0.746148035637713
0.192261694950125	0.74485911669355
0.192690136881601	0.743669779228636
0.193119049443762	0.742778475286149
0.193548438837605	0.74200081834023
0.193978311291745	0.740990339761872
0.194408654355854	0.739696368998974
0.194839480494072	0.738001143286953
0.195270777228449	0.735523550923416
0.195702550794506	0.732051507384042
0.196134807455388	0.727538852993614
0.196567534691713	0.72181486886124
0.197000745036672	0.714769848039442
0.197434425943264	0.706469897239692
0.197868583681537	0.696962657853804
0.19830322454916	0.686348961108382
0.1987383359577	0.67484928419412
0.199173924197921	0.662612095204884
0.199609995588208	0.64980301450656
0.200046537498696	0.636726762932693
0.200483562573061	0.623552329928825
0.200921058153816	0.610318610436629
0.201359030566252	0.597227627298481
0.201797486163281	0.584423498671237
0.202236412245984	0.571781867838853
0.202675821527091	0.559268207823341
0.203115701280061	0.546964599841284
0.203556057864712	0.534711000502962
0.203996897668483	0.522293513116846
0.204438207923401	0.509707414722824
0.20488000141125	0.496878139800295
0.205322265336435	0.483606235006512
0.205765006093301	0.469850135489726
0.206208230103814	0.455635487968891
0.206651924530947	0.44090328885157
0.207096102225538	0.42566447823115
0.207540750322938	0.410004023040486
0.207985875252019	0.393980586578611
0.208431483469274	0.377702163481541
0.208877562068622	0.361291035204394
0.209324123969954	0.344812640644091
0.20977115623957	0.328399878011972
0.210218665340866	0.312205357365967
0.210666657764862	0.296249484732109
0.211115120536426	0.280579026161759
0.2115640666445	0.26532876978983
0.21201348308633	0.2504996131572
0.212463376359842	0.236028575023591
0.21291375299058	0.221976764078226
0.213364599934358	0.208361398749914
0.213815930249174	0.195084443242812
0.21426773086322	0.182132025965028
0.214720008308946	0.169538498446779
0.215172769146426	0.157253083669221
0.21562600026242	0.145246396774776
0.216079714783978	0.133558703102987
0.216533899570238	0.122205160608747
0.21698856118818	0.111195327361806
0.217443706232402	0.100573206691894
0.21789932152061	0.0903798475392365
0.21835542024891	0.0806576872692209
0.218811989207386	0.071456156207525
0.219269034997542	0.0628059417452826
0.219726564248506	0.0547388473478573
0.22018456370893	0.0472926141161305
0.220643046643971	0.0404785268025845
0.221101999774662	0.0342977030736228
0.221561429737034	0.0287604565057831
0.222021343194739	0.023864194595425
0.222481726827378	0.0195950492515809
0.222942593969161	0.0159447111051083
0.223403931272067	0.0129047006966614
0.223865745406654	0.0104636652221676
0.224328043071101	0.00861143476583895
0.224790810875955	0.00733831367902048
0.22525405551249	0.0066343523762735
0.225717783699601	0.00648728092805654
0.226181982006403	0.00688223149274664
0.226646663877592	0.00780008183685258
0.227111815854661	0.00921402683812865
0.227577444663411	0.0110942656994008
0.228043557057264	0.0134072516828166
0.228510139536281	0.0161111023046617
0.228977205614212	0.0191618896023133
0.229444741763496	0.0225149768791241
0.229912754744461	0.0261282055235201
0.230381251345056	0.029964129036221
0.230850217996288	0.0339758120729326
0.231319668280961	0.0381272756809673
0.23178958860246	0.0424081056776961
0.23225998575564	0.0467789809470432
0.232730866562977	0.0511934888211192
0.233202217386424	0.0556611138745587
0.233674051877838	0.0601584532825258
0.234146356371553	0.0646092715346862
0.234619137696948	0.0690084515787396
0.235092402711026	0.0733478382055917
0.235566137706689	0.07752835113507
0.236040356404845	0.081505596360792
0.236515045070774	0.0852772487425163
0.236990210568385	0.0887562989508796
0.237465859789205	0.09187745113626
0.237941978957082	0.0946341841954716
0.23841858186198	0.0969806485380306
0.238895654700125	0.09888277523525
0.23937320436995	0.100331187359202
0.239851237797512	0.101309245202605
0.240329741137605	0.10184998083309
0.240808728249245	0.101960697585326
0.241288185259604	0.101615688362077
0.241768119101645	0.100899682087051
0.242248536735949	0.0998574826313536
0.242729424248256	0.0984264449211441
0.243210795566638	0.0966897637687878
0.243692636749213	0.0947347951031264
0.244174954763468	0.0924738303669339
0.244657756604514	0.0899457219834943
0.245141028289037	0.0872635357279152
0.24562478381416	0.084354382379742
0.24610900916895	0.0812141109205346
0.246593711355421	0.0779538313724968
0.247078897403208	0.0745476286649512
0.247564553259946	0.0709867446156711
0.248050692991811	0.0673593983880743
0.248537302518816	0.0636836541859401
0.249024388877502	0.0599837622341092
0.249511959132031	0.0563193498864813
0.249999999160984	0.0527202042595178
0.250488523099591	0.0492537362969154
0.250977516798811	0.0459597846599504
0.251466987329712	0.0428435948892968
0.251956941790983	0.0399934605451735
0.252447365992151	0.0374424449056456
0.252938267025	0.0351592835625882
0.253429652008935	0.0332207237472734
0.253921506712051	0.0316579146388895
0.254413845380064	0.0304184464778606
0.254906653753447	0.0295504668884527
0.255399938958511	0.0290788394217589
0.255893708149188	0.0289565781161619
0.256387947024519	0.0292094315988367
0.256882669899274	0.0298459691263526
0.257377862444872	0.030836766535327
0.257873531822151	0.0321998539583761
0.25836968521957	0.0339220457196726
0.258866308267116	0.0359866764290066
0.259363415348612	0.0384113608595198
0.259860992066426	0.0411603505491415
0.26035904561592	0.044214436202471
0.26085758322008	0.0475868986318912
0.261356590439842	0.0512278699110358
0.26185608172808	0.055108190684806
0.262356042618108	0.0592279498306188
0.262856480339818	0.0635350064635256
0.26335740215072	0.067996254074032
0.263858793542696	0.0725930881646629
0.264360669037676	0.0772801630048025
0.26486301409992	0.082034705510316
0.265365835993844	0.0868214648890126
0.265869142011488	0.0916028162025997
0.26637291757568	0.096375665316864
0.266877177277402	0.101095677362169
0.267381906511861	0.105729460135162
0.267887112578	0.11029382998458
0.268392802802386	0.114746505958007
0.268898962538792	0.11905858147526
0.269405606447256	0.123262942682702
0.26991271985393	0.127331215365339
0.270420310092285	0.131243676288044
0.270928384523412	0.13504231887209
0.271436928432034	0.138718642761322
0.271945956547239	0.142266277828972
0.272455454126128	0.145725971517963
0.272965428536698	0.149103423653526
0.273475887174567	0.15240219700853
0.273986815255404	0.155647166904619
0.274498227577351	0.158840748911245
0.275010109328455	0.161986049520296
0.27552246791124	0.165085607318422
0.276035310755851	0.168129042598326
0.276548623008903	0.171114795804787
0.277062419537592	0.174031574599786
0.277576685460911	0.176864802503665
0.278091428215911	0.179618269949897
0.278606655267264	0.182290758731901
0.279122351692531	0.184885418047787
0.279638532427962	0.187422664783328
0.280155182523496	0.18992442684287
0.280672309450711	0.192420550598891
0.281189920708806	0.194948754649262
0.281708001306288	0.197552458372109
0.282226566248461	0.200274424628363
0.28274560051621	0.203143484942898
0.28326511161564	0.206197916792818
0.283785107080477	0.209467420300827
0.284305571850174	0.212947243181489
0.284826513451552	0.216645369694072
0.285347939439053	0.22055721062112
0.285869834710698	0.224638716693699
0.286392214382276	0.228866325983222
0.286915063324189	0.233205855137294
0.287438389097782	0.237596906299059
0.287962199292024	0.242006272102758
0.288486478735885	0.246393899606243
0.289011242614205	0.2507183636388
0.289536475728332	0.254959291623463
0.290062185674141	0.25909105303158
0.290588380075125	0.263115316697805
0.2911150436912	0.267030001805863
0.291642191776262	0.270825726059824
0.292169809062605	0.274544345366208
0.292697903180628	0.278187396618678
0.293226481788354	0.28175384249014
0.293755529576645	0.285304472333671
0.294285061868449	0.288818582081985
0.294815063327006	0.292292670940565
0.295345541617245	0.295784368775616
0.295876504431713	0.299238586557772
0.296407936392218	0.302646722881065
0.296939852890764	0.306045605886553
0.297472238521537	0.309351830400461
0.29800510098399	0.31255724644026
0.2985384480052	0.315669284640536
0.299072264137921	0.318595104457758
0.299606564843208	0.321332305228976
0.300141334646196	0.323862146203256
0.300676581280865	0.326106386582064
0.301212312508816	0.328063294518251
0.301748512813752	0.329698447736248
0.302285197725781	0.33097526854955
0.302822351700984	0.331891713420184
0.303359982507868	0.332418150530416
0.303898097942561	0.332575084662143
0.304436682419712	0.332362944480465
0.304975751538483	0.331782094822394
0.305515289685901	0.330903278904715
0.306055304665	0.329724283693696
0.306595804306435	0.328283132770354
0.307136772955801	0.326669239487822
0.307678226281314	0.32486395669746
0.308220148600947	0.322922296552477
0.308762547752261	0.320904524008803
0.309305431600438	0.318759156086554
0.309848784422019	0.316521582753361
0.310392621954274	0.314188263607383
0.310936928446122	0.311675691190241
0.311481711769651	0.308980608720422
0.31202697982457	0.306045043982849
0.312572716818366	0.302782126818195
0.313118938557363	0.299165390040801
0.313665629221426	0.295132770267529
0.31421279671717	0.290635930641997
0.31476044897883	0.285663850700612
0.315308570144842	0.280208649281436
0.315857168142534	0.274286769931302
0.316406250926858	0.26792851121379
0.316955802594818	0.261197368262981
0.31750583906322	0.254157097730112
0.318056344401446	0.246863189247627
0.318607326571354	0.239406755744523
0.31915879356242	0.231845559534036
0.319710729402594	0.224221114589123
0.320263150077738	0.216593482285422
0.32081603958818	0.20897090229528
0.321369405930302	0.201354684085343
0.32192325712811	0.193752030688785
0.3224775771405	0.18612769495674
0.323032382022386	0.178455360489784
0.323587655705042	0.170715819311316
0.32414340621938	0.16287436970563
0.32469964162393	0.154915894092982
0.325256345808534	0.14684180858383
0.325813534897162	0.138659847247699
0.326371192752034	0.130394124695086
0.326929327438586	0.122087021845814
0.327487947049878	0.113788850097254
0.328047035406698	0.105554324748674
0.328606608702067	0.0974482029600912
0.329166650729154	0.0895295416833106
0.329727169587922	0.0818492290680134
0.330288173405955	0.0744574846316478
0.33084964593499	0.0673895056304247
0.331411603437101	0.0606700741236817
0.331974029636403	0.0543188253231411
0.332536932667386	0.0483430709032589
0.333100320692161	0.0427461540857671
0.333664177393411	0.0375286486158814
0.334228519102264	0.032687964866425
0.334793329473781	0.0282235261651865
0.335358616676979	0.0241348698434978
0.335924388908496	0.0204242740514719
0.336490629781961	0.0170960894928954
0.337057355697556	0.014154373823539
0.337624550241288	0.0116044029758061
0.338192221616701	0.00944934108299025
0.33876037805496	0.00768930871393103
0.33932900310064	0.00632107818443897
0.339898113222977	0.005337896885195
0.340467691938924	0.0047273678143949
0.341037747486552	0.00447211587937615
0.341608288131553	0.00455425133934008
0.342179297349448	0.00494887237780521
0.342750791678526	0.00563114750352167
0.343322754566689	0.00657651451805054
0.343895194286532	0.00775267647630422
0.344468119138274	0.00913553898936272
0.345041512528385	0.010695234724719
0.345615391064205	0.0123994971234405
0.346189738124582	0.0142267648487505
0.346764562016641	0.0161403416593605
0.347339871075125	0.018113524578026
0.34791564863745	0.0201211833097304
0.348491903031457	0.022124319353059
0.349068642612605	0.0241045332448857
0.349645850676878	0.0260293126343565
0.350223543942104	0.0278686378082364
0.350801705676645	0.0296083567192038
0.351380344242866	0.0312158899113089
0.351959468030756	0.0326785070822257
0.352539060267245	0.0339792047688986
0.353119137739213	0.0350987808407997
0.353699683645968	0.0360376457697936
0.354280706384405	0.0367795699525663
0.354862214379037	0.0373254951197693
0.35544419078774	0.0376754077115759
0.35602665246645	0.037826686664735
0.356609582545421	0.0377928603933955
0.357192989456072	0.037572121617486
0.357776881657446	0.0371844093596403
0.358361242238365	0.036640213886746
0.358946088123816	0.0359484732731298
0.359531402375002	0.0351411021620779
0.360117193457869	0.0342202086758016
0.360703469865984	0.0332162890717492
0.361290214619118	0.0321521945537239
0.361877444711311	0.0310332671873088
0.362465143134712	0.029903618945273
0.363053318389794	0.0287671398705447
0.363641979004651	0.0276467451637824
0.36423110793	0.0265795325051638
0.364820722228935	0.0255606203030424
0.365410804824551	0.0246307550184245
0.366001364251848	0.023805664057534
0.366592409073447	0.0230877834283004
0.367183922171011	0.0225200540745542
0.367775920676688	0.0220974529514572
0.368368387444519	0.0218358484700606
0.368961331044031	0.0217612051833732
0.369554760072372	0.0218571867879843
0.370148657342151	0.0221453504584336
0.37074304005457	0.022626677502547
0.371337890994616	0.023285691460475
0.371933218766343	0.0241343768482842
0.372529032001426	0.0251559375255425
0.37312531344342	0.0263418687524551
0.37372208036258	0.0276884946197921
0.374319315474842	0.0291782863682852
0.374917027418784	0.0307999257290433
0.375515224860609	0.0325439690868575
0.376113890474818	0.0343989787766743
0.37671304160072	0.036344000125092
0.377312660885196	0.0383816473341992
0.377912757001354	0.0404900773152969
0.37851333864992	0.0426525321768216
0.379114388436344	0.0448811865804988
0.379715923768988	0.0471348378815656
0.38031792722568	0.0494228463109248
0.380920407514052	0.0517386721734442
0.38152337336936	0.0540454916591283
0.382126807328	0.056369397849688
0.38273071811832	0.0586735320310674
0.383335114496292	0.0609534782017051
0.38393997895688	0.0632161086486948
0.38454532901893	0.065422136893777
0.385151147149784	0.0675869946255194
0.38575744211232	0.0696893017596624
0.386364222697034	0.0717132584177374
0.386971471329836	0.0736636122533683
0.387579205598628	0.0755232738821655
0.388187407901698	0.0772919436790092
0.388796087036449	0.0789659302153556
0.389405251827904	0.080550035056733
0.390014884632922	0.0820473540945523
0.390625003108455	0.0834709426924167
0.39123558958374	0.0848330792529535
0.391846652890706	0.086144295649314
0.392458201888903	0.0874296673068569
0.393070218866136	0.0887002218864342
0.393682721548411	0.0899711383615975
0.394295692195911	0.0912577598411288
0.394909139675092	0.0925654341297183
0.395523072880031	0.0938959590798075
0.396137474029479	0.0952530485437824
0.396752360918496	0.0966238811211764
0.397367715738211	0.0980002268827715
0.397983547389607	0.0993741725715228
0.398599864801288	0.100718485747202
0.399216650122951	0.102031661068893
0.39983392121871	0.103299137361936
0.40045166021064	0.104509015782614
0.401069876034251	0.105664079628018
0.401688577652674	0.106764557793623
0.402307747146552	0.107814390312027
0.402927402449053	0.108830694715776
0.403547525613198	0.109826710822432
0.404168125609024	0.110802075066561
0.404789211434189	0.11179773120215
0.405410765100282	0.112794486573673
0.406032804609524	0.113812636819266
0.406655311945885	0.114865085592876
0.407278296113926	0.115905312141633
0.407901766145832	0.116976324671621
0.408525703984141	0.11801345894773
0.409150127700125	0.119014727782895
0.4097750192087	0.11997355217285
0.410400387548957	0.120818532446724
0.411026241787605	0.121583035035708
0.411652563798128	0.12220231197913
0.412279371720854	0.12268025450525
0.412906647401645	0.123016253938471
0.413534399914116	0.123184031493019
0.414162638359506	0.12321140922665
0.414791344542245	0.123092262709647
0.415420536671713	0.122846214456175
0.416050196524718	0.122484285306547
0.416680333209405	0.122035947311991
0.417310955861537	0.121491825836934
0.41794204621649	0.120894216285997
0.418573613403125	0.12023077715095
0.419205666577921	0.119503771201951
0.419838187434822	0.118744512481234
0.420471194293696	0.117888475489646
0.421104668820865	0.116992193691892
0.421738620179714	0.115992724763541
0.422373057561252	0.114892570275848
0.423007962590369	0.113700334455359
0.423643353655984	0.112350802790206
0.424279212355368	0.110899031652036
0.424915547886433	0.109283465664006
0.425552369474712	0.107534408764614
0.426189658676044	0.105650890591821
0.426827433948401	0.103619091498643
0.42746567682	0.101478821306223
0.42810439652328	0.0992126806020938
0.428743602318301	0.0968510190698025
0.429383275691848	0.0943964551402062
0.430023435170947	0.0918636925758922
0.430664062214761	0.0892544972107252
0.431305166090256	0.0865864317937551
0.431946756092019	0.0838503311732642
0.432588813637781	0.0810600431721367
0.433231357323622	0.0782168041429953
0.433874368539651	0.0753093898665786
0.434517856587361	0.0723653261398842
0.435161830795866	0.0693548110806956
0.435806272513843	0.0663143325468096
0.436451200406426	0.06322929424381
0.43709659579467	0.0601120114765321
0.437742468014595	0.0569844401770836
0.438388826429842	0.0538337225103739
0.439035652320034	0.0506988597570545
0.439682964419359	0.0475686558702827
0.440330743979818	0.0444691626338768
0.440979000371958	0.041407783865892
0.441627742993946	0.0383915801474878
0.442276953056354	0.0354400807699415
0.44292664936242	0.03255504364431
0.443576813095095	0.0297536523618338
0.44422745365945	0.0270436224449883
0.44487858048818	0.0244369511447794
0.445530174722802	0.0219436304704349
0.44618225523561	0.0195769032775136
0.4468348031405	0.017344068284831
0.44748782787707	0.0152601725596962
0.448141338912542	0.0133291897204834
0.44879531731938	0.0115606336120572
0.44944978203893	0.0099607384052301
0.450104714116034	0.00852152763184341
0.45076012302482	0.00726173026580022
0.451416018267034	0.00617163625751873
0.452072380846086	0.00523817148021674
0.452729229772378	0.00446680403588265
0.453386546021698	0.00384685448289839
0.454044339102698	0.00337448772780984
0.454702618551654	0.0030434404654098
0.455361365302922	0.00284448595465691
0.45602058888587	0.00276912412794853
0.45668029885749	0.00281071833843218
0.457340476110706	0.00296309381958327
0.458001139766403	0.00321666642410934
0.458662270689886	0.00356030478956087
0.45932387844505	0.00398254309664302
0.459985972623411	0.00447185633061005
0.460648534048842	0.00501993262122698
0.461311581911281	0.00561215560666075
0.461975097006979	0.0062323080839743
0.462639088934358	0.00686532478429498
0.463303567319461	0.00749041613106002
0.463968512917107	0.00810485120543786
0.464633944986288	0.0086945857137118
0.465299844254201	0.00926778616717212
0.465966220353795	0.0098129309618704
0.46663308294564	0.0103258096227133
0.467300412715501	0.0108007975198552
0.467968228991424	0.0112160031707959
0.468636512431552	0.0115777630350042
0.469305272703361	0.011869223328597
0.469974519501948	0.0121036488533573
0.470644233444024	0.0122772909917656
0.471314433926689	0.012397931309871
0.471985101539032	0.0124690401247691
0.472656245983056	0.0124896599034906
0.473327876988385	0.012461983093002
0.473999975102676	0.0123915313621378
0.474672559792082	0.0122822078997937
0.475345611576641	0.0121460926180141
0.47601914019288	0.0119949685181925
0.47669315540495	0.0118351714937214
0.477367637691457	0.0116872592679271
0.478042606587605	0.011544017203976
0.478718042544378	0.011427986059481
0.479393955332833	0.0113295546421226
0.480070354751645	0.0112663169618538
0.480747221210366	0.011236459936011
0.481424574313256	0.0112483166439316
0.482102394442245	0.0113085392982648
0.482780691402914	0.0114153846605899
0.483459475028468	0.0115784498586945
0.484138725659405	0.0117905593173587
0.484818462969037	0.0120601535345331
0.48549866727024	0.0123802252608313
0.486179348403125	0.0127606569727
0.486860516235421	0.0131925259836005
0.487542151038572	0.0136866143915752
0.488224272554946	0.0142329251547823
0.488906861028365	0.0148389942503174
0.489589926333464	0.0154960980028911
0.490273478372502	0.0162015512180708
0.490957497347869	0.0169527109711201
0.491642003070984	0.0177380336286129
0.492326975716618	0.0185574223432349
0.493012425193933	0.0193978397095766
0.493698361439712	0.0202565958367467
0.494384764587294	0.0211228169366959
0.495071654517151	0.0219899451581001
0.495759011335	0.0228492298365649
0.49644684498453	0.0236963487789885
0.497135165437051	0.024521147642285
0.497823952756848	0.0253253163802775
0.498513216908326	0.0260989178168549
0.499202967883511	0.0268458214029966
0.499893185705256	0.0275598117464041